Date,Open,High,Low,Close,Volume,Dividends,Stock Splits
2001-01-29,9872.299761730206,10053.775860291422,9581.938004032258,9901.3359375,863900,0.0,0
2001-01-30,9763.418301417014,9872.304007380772,9589.201171875,9589.201171875,255400,0.0,0
2001-01-31,9444.018315648322,9763.416321711755,9444.018315648322,9727.12109375,101700,0.0,0
2001-02-01,9799.711549673508,9799.711549673508,9669.048729011194,9727.12109375,158600,0.0,0
2001-02-02,9669.04836407425,9719.861681302868,9581.93982025376,9654.5302734375,59900,0.0,0
2001-02-05,9436.758970479248,9436.758970479248,9146.397156002964,9182.6923828125,86800,0.0,0
2001-02-06,9037.510143021664,9139.136763103836,9037.510143021664,9110.1005859375,110400,0.0,0
2001-02-07,9081.063693659857,10017.480333533655,9073.804649939904,9436.7568359375,186900,0.0,0
2001-02-08,9516.608654878339,9647.271473938454,9218.987789241412,9509.349609375,107400,0.0,0
2001-02-09,9509.34911485725,9944.891822407964,9502.090069731405,9661.7890625,156500,0.0,0
2001-02-12,9661.7890625,9661.7890625,9661.7890625,9661.7890625,0,0.0,0
2001-02-13,9806.96954009434,9836.005719339624,9298.836403301888,9618.234375,115100,0.0,0
2001-02-14,9327.872722634736,9545.644070244885,9218.987048829662,9226.24609375,83000,0.0,0
2001-02-15,9218.988184873746,9509.350017468196,9189.952001614301,9414.982421875,73400,0.0,0
2001-02-16,9574.679432262074,9792.450761274858,9444.016634854404,9581.9384765625,108200,0.0,0
2001-02-19,9298.838300371504,9364.169717001749,9197.211652280012,9342.392578125,36100,0.0,0
2001-02-20,9255.281373019538,9342.389903589134,9255.281373019538,9335.130859375,54300,0.0,0
2001-02-21,9255.282984898742,9327.873439682262,9044.770666026536,9095.583984375,51400,0.0,0
2001-02-22,8819.739945898911,9037.511302587773,8710.85426755448,8993.95703125,63200,0.0,0
2001-02-23,8783.443346934713,9197.208859972134,8761.666214669585,9117.359375,62500,0.0,0
2001-02-26,9110.100531853304,9306.0947265625,8928.624425641088,9306.0947265625,66400,0.0,0
2001-02-27,9211.727151332147,9306.0947265625,9146.395753095749,9306.0947265625,44300,0.0,0
2001-02-28,9160.914044889856,9160.914044889856,8856.0341796875,8856.0341796875,62200,0.0,0
2001-03-01,8718.112587482055,8921.365836815525,8638.263096672477,8848.775390625,68800,0.0,0
2001-03-02,8710.854332564963,8747.14955895065,8645.522925070725,8660.041015625,69200,0.0,0
2001-03-05,7934.135629302896,8108.352697100947,7912.35849582814,8006.72607421875,91300,0.0,0
2001-03-06,7861.54513398675,8493.082000705908,7861.54513398675,8355.16015625,64600,0.0,0
2001-03-07,8500.34114995385,8783.44388680116,8493.082105419304,8601.9677734375,114300,0.0,0
2001-03-08,8565.67299202697,8565.67299202697,8347.901644772046,8478.564453125,59300,0.0,0
2001-03-09,8347.900856865777,8551.1540951199,8347.900856865777,8362.4189453125,115700,0.0,0
2001-03-12,8289.831421006178,8289.831421006178,8101.096204766108,8224.5,88800,0.0,0
2001-03-13,7331.634172028186,7578.441659007352,7309.857040824142,7404.224609375,130600,0.0,0
2001-03-14,7404.224609374999,7404.224609374999,7404.224609374999,7404.224609375,0,0.0,0
2001-03-15,7041.27359467002,7404.225841817959,6903.351740753803,7396.966796875,106600,0.0,0
2001-03-16,7549.408903301887,7984.951724646227,7520.372715212265,7694.58984375,85400,0.0,0
2001-03-19,7621.998106333603,8144.649405053621,7621.998106333603,7868.8056640625,45200,0.0,0
2001-03-20,7868.8056640625,7868.8056640625,7868.8056640625,7868.8056640625,0,0.0,0
2001-03-21,7912.358406442111,9146.395956070697,7839.767962346312,8856.0341796875,88900,0.0,0
2001-03-22,8565.67301363732,8935.884304904697,8500.34160929602,8616.486328125,104900,0.0,0
2001-03-23,8928.624623783298,8950.40175701204,8710.853291495901,8856.0341796875,69500,0.0,0
2001-03-26,9001.216194783836,9654.5302734375,9001.216194783836,9654.5302734375,107500,0.0,0
2001-03-27,9672.710606387696,9890.892048637043,9527.256311554798,9738.1650390625,88500,25.0,0
2001-03-28,10029.078127912939,10029.078127912939,9752.71484375,9752.71484375,92400,0.0,0
2001-03-29,9454.529511224098,9730.892681552188,9454.529511224098,9476.34765625,53200,0.0,0
2001-03-30,9745.438499273256,9745.438499273256,9381.802734375,9381.802734375,72300,0.0,0
2001-04-02,9236.348315767393,9309.07546786005,8938.1669921875,8938.1669921875,51000,0.0,0
2001-04-03,8894.530683456314,9309.075449569977,8894.530683456314,9301.802734375,40800,0.0,0
2001-04-04,8865.4384421875,9309.074,8865.4384421875,9090.892578125,51300,0.0,0
2001-04-05,9018.165692768003,9236.347120818842,8887.2568359375,8887.2568359375,74200,0.0,0
2001-04-06,9454.530707465277,9592.712310112847,9156.349354383681,9163.6220703125,118100,0.0,0
2001-04-09,9127.2587890625,9439.985584225598,9127.2587890625,9127.2587890625,29500,0.0,0
2001-04-10,9309.075739408472,9309.075739408472,9090.894276766086,9098.1669921875,17600,0.0,0
2001-04-11,9243.621602408959,9309.076043338684,9047.258279619784,9061.8037109375,48700,0.0,0
2001-04-12,9069.07705972983,9265.44039622759,9054.531627396664,9127.2587890625,22500,0.0,0
2001-04-13,9119.986676393073,9301.804592589107,9018.168643323294,9054.5322265625,43300,0.0,0
2001-04-16,9054.531461275541,9090.895041441307,8945.440720778246,9076.349609375,17500,0.0,0
2001-04-17,9221.803664937259,9454.530571307914,9098.167495927846,9418.1669921875,62600,0.0,0
2001-04-18,9410.894276363417,9490.89415042833,9279.985391529923,9418.1669921875,52800,0.0,0
2001-04-19,9818.166313313197,9818.166313313197,9621.802987046933,9781.802734375,136700,0.0,0
2001-04-20,9927.255466587869,9963.619039725554,9825.437461802352,9854.5283203125,58800,0.0,0
2001-04-23,9272.711805969704,9541.802266221375,9221.802799976145,9527.2568359375,143900,0.0,0
2001-04-24,9309.076715497302,9454.531039176947,9272.71313457739,9432.712890625,51300,0.0,0
2001-04-25,9381.803366054834,9890.89347118959,9323.621639753717,9781.802734375,41900,0.0,0
2001-04-26,9381.803366054834,9890.89347118959,9323.621639753717,9781.802734375,41900,0.0,0
2001-04-27,10545.437416945302,10749.073449824245,10334.528668606396,10603.619140625,160700,0.0,0
2001-04-30,10603.619140625,10603.619140625,10603.619140625,10603.619140625,0,0.0,0
2001-05-01,10799.981291769029,10959.981014610052,10799.981291769029,10916.3447265625,166800,0.0,0
2001-05-02,11352.708818415109,11490.890411976856,11061.800200390378,11469.072265625,178300,0.0,0
2001-05-03,11469.072265625,11469.072265625,11469.072265625,11469.072265625,0,0.0,0
2001-05-04,11469.072265625,11469.072265625,11469.072265625,11469.072265625,0,0.0,0
2001-05-07,11563.618210922505,11592.709074346209,10981.800942448415,11367.2548828125,1300,0.0,0
2001-05-08,11359.98091191664,11629.071368857047,11345.435481811754,11570.8896484375,800,0.0,0
2001-05-09,11345.435769714766,11425.435637321729,10836.345703125,10836.345703125,1300,0.0,0
2001-05-10,10799.983354495467,11054.528416722633,10654.5290332228,10829.07421875,800,0.0,0
2001-05-11,10763.618458686442,10909.072762182204,10654.52773106462,10727.2548828125,200,0.0,0
2001-05-14,10501.799701495802,10610.890418616604,10254.52740935532,10392.708984375,300,0.0,0
2001-05-15,10101.800060846805,10181.799917340191,9709.07349260654,9898.1640625,200700,0.0,0
2001-05-16,9607.25546234387,9752.709746406608,9454.528464077994,9534.5283203125,104800,0.0,0
2001-05-17,9818.164541568396,9890.891686320754,9476.346961232312,9636.3466796875,140600,0.0,0
2001-05-18,9738.16488627191,9869.073749567573,9534.528876700877,9854.5283203125,83000,0.0,0
2001-05-21,9992.7119582573,9999.984674384124,9869.075784101278,9963.62109375,53900,0.0,0
2001-05-22,10109.0736328125,10327.255078125001,10050.8919140625,10181.80078125,72900,0.0,0
2001-05-23,10181.801551496479,10494.5283134353,10043.619959011883,10327.255859375,73900,0.0,0
2001-05-24,10254.5302734375,10327.25743849734,10036.348778257978,10254.5302734375,95000,0.0,0
2001-05-25,10109.075290884843,10109.075290884843,9825.439365457138,9883.62109375,26800,0.0,0
2001-05-28,9847.256449381512,9941.801747639975,9687.256713867188,9774.529296875,30500,0.0,0
2001-05-29,9629.075784122244,9890.8935546875,9629.075784122244,9890.8935546875,22500,0.0,0
2001-05-30,9636.348335438206,9818.166228559681,9629.075619713347,9672.7119140625,22300,0.0,0
2001-05-31,9381.802560831547,9505.438718609947,9098.166669457569,9330.8935546875,67300,0.0,0
2001-06-01,9403.619321664664,9490.891890775241,9309.074038461538,9454.5283203125,58400,0.0,0
2001-06-04,9599.985708841463,9890.894366685143,9599.985708841463,9839.9853515625,95700,0.0,0
2001-06-05,9774.52963483146,9818.1659278441,9636.348040291432,9709.0751953125,65500,0.0,0
2001-06-06,9665.438630995639,9665.438630995639,9381.802734375,9381.802734375,36300,0.0,0
2001-06-07,9527.2568359375,9592.711272214934,9381.80253309876,9527.2568359375,24200,0.0,0
2001-06-08,9527.25496290679,9774.52722911964,9505.436821770363,9665.4365234375,90100,0.0,0
2001-06-11,9636.347910716815,9687.256918547017,9578.166187482298,9629.0751953125,39900,0.0,0
2001-06-12,9403.62160744652,9454.530618469045,9127.258404752809,9221.8037109375,76100,0.0,0
2001-06-13,9221.803625220415,9410.894235832191,9221.803625220415,9279.9853515625,42400,0.0,0
2001-06-14,9163.622369895418,9185.44051839517,8654.532238234562,9127.2587890625,109100,0.0,0
2001-06-15,8981.802405452421,9199.983840402683,8792.711828495529,9047.2568359375,52700,0.0,0
2001-06-18,8807.259807537554,8850.896107162018,8421.805827521459,8472.71484375,41500,0.0,0
2001-06-19,8327.260137435494,8399.987300207857,7890.89716080132,7927.2607421875,90600,0.0,0
2001-06-20,7970.896970942982,8429.078092447917,7927.260673656798,8290.896484375,57800,0.0,0
2001-06-21,8436.350081487997,8836.349438799927,8436.350081487997,8785.4404296875,54600,0.0,0
2001-06-22,9076.349528588808,9163.622120209853,8952.713357125658,8967.2587890625,46400,0.0,0
2001-06-25,8959.986813583815,8959.986813583815,8799.987049055533,8807.259765625,20600,0.0,0
2001-06-26,8727.260204081633,8909.078125,8509.078698979592,8909.078125,48000,0.0,0
2001-06-27,8799.9849609375,8872.712109375001,8618.16708984375,8727.2578125,35700,0.0,0
2001-06-28,8712.713572563558,8719.986288400423,8399.986791578389,8581.8046875,31700,0.0,0
2001-06-29,8799.983313982473,9076.346426322418,8516.347488159898,8661.8017578125,58300,0.0,0
2001-07-02,8509.076926491478,8509.076926491478,8218.168313619974,8319.986328125,31700,0.0,0
2001-07-03,8538.167030582266,8538.167030582266,8290.894731570514,8509.076171875,19200,0.0,0
2001-07-04,8363.62466427932,8363.62466427932,7985.443375111907,8123.625,47600,0.0,0
2001-07-05,7927.262091870577,7999.989267025353,7629.080673735996,7709.08056640625,99100,0.0,0
2001-07-06,7272.7153525801605,7418.169659631763,7054.533892002756,7258.169921875,174100,0.0,0
2001-07-09,7141.806314093233,7199.988035592974,6981.806579968944,7025.44287109375,51800,0.0,0
2001-07-10,7272.716016742135,7629.0791015625,7149.079844457519,7629.0791015625,45900,0.0,0
2001-07-11,7345.442679182213,7519.98785175684,7236.351946323072,7309.0791015625,47500,0.0,0
2001-07-12,7352.716288156136,8145.442376592357,7352.716288156136,7992.71533203125,104400,0.0,0
2001-07-13,8283.624563439746,8283.624563439746,7839.988831771769,8101.806640625,73900,0.0,0
2001-07-16,7956.352647263791,7963.625364491638,7599.989503099325,7745.44384765625,38000,0.0,0
2001-07-17,7701.805761913479,7701.805761913479,7199.988389324215,7294.53369140625,50000,0.0,0
2001-07-18,7294.534640676607,7323.625506641419,7127.262161378938,7156.35302734375,62600,0.0,0
2001-07-19,7083.624315227301,7229.07861328125,7010.897166200327,7229.07861328125,81600,0.0,0
2001-07-20,7229.07861328125,7229.07861328125,7229.07861328125,7229.07861328125,0,0.0,0
2001-07-23,7199.988579700494,7221.806726911707,6712.7166253167225,6996.3525390625,97500,0.0,0
2001-07-24,6690.899185505319,6909.08068068484,6654.535602975398,6836.353515625,79000,0.0,0
2001-07-25,7010.8972430432295,7381.805707146139,6981.80638311359,7170.89697265625,96600,0.0,0
2001-07-26,7178.171456899848,7199.989607224771,7054.535271725281,7134.53515625,25500,0.0,0
2001-07-27,7098.171267810881,7119.989417199643,6916.353356237856,7018.17138671875,28700,0.0,0
2001-07-30,6727.26063487294,6785.442348471841,6552.715494076237,6618.169921875,58000,0.0,0
2001-07-31,6545.443645974864,6741.80695535411,6538.170930812669,6690.89794921875,84400,0.0,0
2001-08-01,6690.898881392046,6763.626043146307,6625.4444358132105,6719.98974609375,51700,0.0,0
2001-08-02,6836.351690311861,7127.260272878323,6836.351690311861,7112.71484375,81500,0.0,0
2001-08-03,7185.4415878422005,7185.4415878422005,6945.442020636945,7039.9873046875,91300,0.0,0
2001-08-06,6989.078905943547,6989.078905943547,6909.079043336494,6952.71533203125,31800,0.0,0
2001-08-07,6930.898973099227,7127.262322809279,6901.808106475516,7054.53515625,72300,0.0,0
2001-08-08,7054.533299763998,7054.533299763998,6916.3517196655275,6981.80615234375,52600,0.0,0
2001-08-09,6909.080868675595,6945.44445219494,6799.990118117559,6872.71728515625,57100,0.0,0
2001-08-10,6763.62635056516,6843.626232130984,6741.808201047207,6836.353515625,34600,0.0,0
2001-08-13,6821.807496197455,6821.807496197455,6545.44429272677,6574.53515625,57900,0.0,0
2001-08-14,6647.262332136825,6756.353070629223,6618.1714685388515,6727.26220703125,35700,0.0,0
2001-08-15,6799.989827054905,7199.98922864637,6719.989946736612,7061.8076171875,223100,0.0,0
2001-08-16,6909.080868675595,7185.444103422619,6836.353701636905,7178.17138671875,68400,0.0,0
2001-08-17,7178.16938443792,7905.440851959492,7119.987667036194,7585.44140625,168100,0.0,0
2001-08-20,7418.168931321633,8021.804246321335,7345.441784936127,7614.5322265625,117400,0.0,0
2001-08-21,7519.9880690773525,7912.71471871969,7469.079058938531,7498.169921875,79000,0.0,0
2001-08-22,7599.9874168352735,7927.259602249233,7563.623840678167,7694.53271484375,182800,0.0,0
2001-08-23,7818.169993330792,7818.169993330792,7432.716030868902,7454.5341796875,82400,0.0,0
2001-08-24,7345.442193478954,7454.532919124682,7054.5335917570155,7127.2607421875,86300,0.0,0
2001-08-27,7461.8066934121625,7563.624718468469,7221.8070629222975,7265.443359375,56600,0.0,0
2001-08-28,7258.168835086634,7447.259405940595,7163.623549659654,7345.44140625,60900,0.0,0
2001-08-29,7199.987594604492,7258.16931254069,6938.169863891602,6981.80615234375,55700,0.0,0
2001-08-30,6836.351854946524,6836.351854946524,6690.897560160428,6799.98828125,67700,0.0,0
2001-08-31,6545.444309543919,6836.3529455236485,6545.444309543919,6727.26220703125,65100,0.0,0
2001-09-03,6785.442500786493,6792.715215149608,6472.715783172539,6501.806640625,57200,0.0,0
2001-09-04,6356.353862632357,6610.898925781251,6349.081146542389,6610.89892578125,75400,0.0,0
2001-09-05,6392.718285659564,6472.718173193414,6363.627417465435,6378.1728515625,64200,0.0,0
2001-09-06,6305.443366350447,6305.443366350447,6036.352934337798,6109.080078125,96200,0.0,0
2001-09-07,5818.172395833333,5818.172395833333,5418.173043619791,5454.53662109375,209200,0.0,0
2001-09-10,5236.353865913723,5396.353567372198,4887.263608186141,5352.71728515625,182300,0.0,0
2001-09-11,5454.53662109375,5599.990930989583,5454.53662109375,5454.53662109375,128300,0.0,0
2001-09-12,5454.53662109375,5454.53662109375,5454.53662109375,5454.53662109375,0,0.0,0
2001-09-13,4872.718638311034,4959.9912109375,4770.9006369134895,4959.9912109375,247600,0.0,0
2001-09-14,4814.538025588132,5207.264692327949,4807.265309537394,5178.173828125,123700,0.0,0
2001-09-17,4814.537664534242,5018.173698683726,4727.265078470177,4938.173828125,80500,0.0,0
2001-09-18,5010.901672623005,5272.719466838431,4981.810806599069,5127.26513671875,67400,0.0,0
2001-09-19,5272.718153763302,5803.626326487055,5258.17272437361,5723.62646484375,103900,0.0,0
2001-09-20,5796.355293906932,5796.355293906932,4996.3564453125,4996.3564453125,129300,0.0,0
2001-09-21,4269.0831723257215,4778.173158804087,4269.0831723257215,4727.26416015625,219300,0.0,0
2001-09-24,4727.26416015625,4727.26416015625,4727.26416015625,4727.26416015625,0,0.0,0
2001-09-25,4872.720073751891,5192.719600983358,4807.265625,4807.265625,137600,0.0,0
2001-09-26,5025.447032806839,5090.901480412138,4930.901719599185,5018.17431640625,66600,0.0,0
2001-09-27,5039.992083381204,5119.991957720588,4909.083198098576,4945.44677734375,142600,0.0,0
2001-09-28,4945.44677734375,4945.44677734375,4945.44677734375,4945.44677734375,0,0.0,0
2001-10-01,4858.174826009825,5192.719799058405,4843.629392399017,4996.3564453125,64900,0.0,0
2001-10-02,5141.809571564503,5709.081348908253,5141.809571564503,5672.7177734375,127600,0.0,0
2001-10-03,5890.899502840909,6210.898982007576,5890.899502840909,5999.990234375,211400,0.0,0
2001-10-04,5927.262970121036,5956.353831324084,5527.263628579126,5905.44482421875,130100,0.0,0
2001-10-05,5890.899930334394,5890.899930334394,5599.991291799362,5709.08203125,87800,0.0,0
2001-10-08,5709.08203125,5709.08203125,5709.08203125,5709.08203125,0,0.0,0
2001-10-09,5418.172170845021,5447.263028138149,5185.4453125,5185.4453125,93200,0.0,0
2001-10-10,5163.628098545569,5221.809823599604,5047.2646484375,5047.2646484375,83800,0.0,0
2001-10-11,5338.174178340518,5345.446895204742,5170.901690463363,5272.7197265625,71800,0.0,0
2001-10-12,5636.355197414738,5818.173107008762,5607.264331879694,5810.900390625,139300,0.0,0
2001-10-15,5454.536811879139,5527.263969370862,5389.08237013659,5490.900390625,220500,0.0,0
2001-10-16,5519.990846108491,5810.899454599056,5454.536409198113,5781.80859375,148200,0.0,0
2001-10-17,5818.171784156976,6290.898241619731,5818.171784156976,6254.53466796875,164300,0.0,0
2001-10-18,6181.80772936022,6639.988772830448,6079.989719700169,6458.1708984375,254200,0.0,0
2001-10-19,6312.716702996777,6385.443853952961,6116.35339541508,6203.6259765625,107600,0.0,0
2001-10-22,6349.0801543846555,6603.62517775632,6290.898434756847,6472.71630859375,90300,0.0,0
2001-10-23,6327.262371697527,6399.989525395199,6145.444487453345,6210.89892578125,101000,0.0,0
2001-10-24,6189.081353658762,6290.8993782782945,6065.445180906471,6152.7177734375,86100,0.0,0
2001-10-25,6225.442922794118,6327.2609145220595,6065.443221507353,6181.806640625,78600,0.0,0
2001-10-26,6327.26171875,6407.261579561781,6247.261857938218,6327.26171875,57700,0.0,0
2001-10-29,6327.263174966873,6327.263174966873,6109.081686174912,6174.5361328125,22800,0.0,0
2001-10-30,5963.626335299746,5963.626335299746,5694.535878706952,5701.80859375,71400,0.0,0
2001-10-31,5687.264301517067,5919.991229456385,5672.718868520859,5752.71875,56200,0.0,0
2001-11-01,5825.444915771484,6065.444519042969,5818.172200520834,5934.53564453125,58500,0.0,0
2001-11-02,6370.898397549716,6567.261704323509,6349.080252352628,6399.9892578125,272300,0.0,0
2001-11-05,6399.991284682495,6487.263893109983,6254.536937303347,6356.35498046875,77300,0.0,0
2001-11-06,6567.261237835062,6756.351816111597,6523.624950540477,6749.0791015625,136000,0.0,0
2001-11-07,6770.898895263671,6799.989760549444,6443.6266607987245,6632.71728515625,118600,0.0,0
2001-11-08,6443.6253515625,6581.80693359375,6363.62548828125,6545.443359375,72200,0.0,0
2001-11-09,6545.443359375,6545.443359375,6545.443359375,6545.443359375,0,0.0,0
2001-11-12,6436.353618392434,6545.444357687221,6392.717322674519,6530.89892578125,57100,0.0,0
2001-11-13,6458.170354446308,6545.442926803691,6436.3522113569625,6501.806640625,48800,0.0,0
2001-11-14,6683.626020321039,6756.353180498634,6559.989848019126,6654.53515625,46700,0.0,0
2001-11-15,6545.443645974864,6690.897949218749,6523.6255004882805,6690.89794921875,80800,0.0,0
2001-11-16,6690.89792909436,6799.98865619916,6610.89806255084,6705.443359375,72100,0.0,0
2001-11-19,6836.353701636905,6974.535319010417,6799.990118117559,6872.71728515625,57400,0.0,0
2001-11-20,6872.716137330924,6981.80686966951,6799.988982438533,6821.80712890625,117100,0.0,0
2001-11-21,6836.351812517095,6836.351812517095,6530.897795362076,6647.26123046875,46300,0.0,0
2001-11-22,6429.080018872894,6501.807168407655,6429.080018872894,6472.71630859375,84200,0.0,0
2001-11-23,6472.71630859375,6472.71630859375,6472.71630859375,6472.71630859375,0,0.0,0
2001-11-26,6545.443645974864,6785.443246327275,6545.443645974864,6690.89794921875,41300,0.0,0
2001-11-27,6763.625141793464,6792.716002618382,6618.170837668873,6661.80712890625,35100,0.0,0
2001-11-28,6545.444357687221,6567.2625055461785,6472.717198157363,6530.89892578125,37700,0.0,0
2001-11-29,6509.080988029793,6603.626298470449,6407.262961401394,6552.71728515625,59100,0.0,0
2001-11-30,6538.171852780764,6574.535433719478,6407.262961401394,6552.71728515625,34300,0.0,0
2001-12-03,6501.8078078178505,6552.716817498751,6305.444484762949,6370.89892578125,50700,0.0,0
2001-12-04,6341.808538925438,6356.353971354166,6087.263471422697,6218.17236328125,62300,0.0,0
2001-12-05,6261.80786050053,6436.35302734375,6232.716999359994,6436.35302734375,70700,0.0,0
2001-12-06,6799.989933095079,6923.626113696808,6727.262768035239,6836.353515625,156100,0.0,0
2001-12-07,7054.533178375792,7054.533178375792,6756.35187908362,6887.2607421875,102100,0.0,0
2001-12-10,6894.53397376019,6894.53397376019,6552.716361137058,6690.89794921875,41900,0.0,0
2001-12-11,6399.99026864035,6472.7174307839905,6218.17236328125,6218.17236328125,106000,0.0,0
2001-12-12,6218.172804951252,6327.263555915309,6203.627371489378,6247.263671875,64700,0.0,0
2001-12-13,6247.261857938218,6349.0798626077585,6247.261857938218,6327.26171875,58600,0.0,0
2001-12-14,6145.444656354348,6290.89896774735,6109.081078506097,6261.80810546875,148300,0.0,0
2001-12-17,5898.172489806684,6116.353962919138,5898.172489806684,5978.17236328125,69000,0.0,0
2001-12-18,6036.354089444571,6261.808278327441,5818.172616332117,5978.17236328125,59000,0.0,0
2001-12-19,5832.717711798035,5963.626588122679,5832.717711798035,5876.35400390625,61100,0.0,0
2001-12-20,6094.5354220385625,6094.5354220385625,5854.535817113416,5905.44482421875,53600,0.0,0
2001-12-21,5854.535650791267,5861.808365885417,5599.990622495994,5672.7177734375,51400,0.0,0
2001-12-24,5672.7177734375,5672.7177734375,5672.7177734375,5672.7177734375,0,0.0,0
2001-12-25,5454.537221547719,5556.355249683276,5309.08289563978,5381.81005859375,72400,0.0,0
2001-12-26,5381.80872429306,5672.717303984577,5345.44515183162,5658.171875,40400,0.0,0
2001-12-27,5672.718538851352,5709.082119228604,5498.173353040541,5650.900390625,30500,0.0,0
2001-12-28,5709.081035454058,5883.626188130361,5658.172032590137,5723.62646484375,28200,0.0,0
2001-12-31,5723.62646484375,5723.62646484375,5723.62646484375,5723.62646484375,0,0.0,0
2002-01-01,5723.62646484375,5723.62646484375,5723.62646484375,5723.62646484375,0,0.0,0
2002-01-02,5723.62646484375,5723.62646484375,5723.62646484375,5723.62646484375,0,0.0,0
2002-01-03,5723.62646484375,5723.62646484375,5723.62646484375,5723.62646484375,0,0.0,0
2002-01-04,6014.53585630131,6036.354003301193,5869.08154296875,5869.08154296875,17200,0.0,0
2002-01-07,6087.263740622179,6101.809173694156,5999.991142190321,6043.62744140625,51300,0.0,0
2002-01-08,5898.172557239124,5898.172557239124,5599.991207243064,5767.263671875,117800,0.0,0
2002-01-09,5745.444784861067,5890.89908321198,5672.717635685611,5774.53564453125,37000,0.0,0
2002-01-10,5774.535101318359,5890.898529052734,5745.444244384766,5818.17138671875,104600,0.0,0
2002-01-11,5745.44482421875,5825.44468885977,5709.081249381923,5745.44482421875,63800,0.0,0
2002-01-14,5745.44482421875,5745.44482421875,5745.44482421875,5745.44482421875,0,0.0,0
2002-01-15,5381.809991831435,5527.264315934986,5323.628262190014,5425.4462890625,54600,0.0,0
2002-01-16,5498.173167806833,5701.809211058938,5490.9004519764,5614.53662109375,95500,0.0,0
2002-01-17,5490.900803024704,5563.627965978673,5381.81005859375,5381.81005859375,33800,0.0,0
2002-01-18,5592.717809904075,5745.44482421875,5570.899665001978,5745.44482421875,52500,0.0,0
2002-01-21,5672.717367863865,5883.626090515213,5672.717367863865,5796.353515625,31000,0.0,0
2002-01-22,5650.8995296429985,5796.353828990309,5599.99052487144,5745.44482421875,40700,0.0,0
2002-01-23,5599.990467474089,5818.1719142587945,5563.626893009972,5789.0810546875,66800,0.0,0
2002-01-24,5818.172075320513,5847.262935697116,5541.808901742788,5672.7177734375,78200,0.0,0
2002-01-25,5672.718074483083,5818.172384085213,5672.718074483083,5803.626953125,86800,0.0,0
2002-01-28,5803.627251142812,5810.899966996375,5716.354660900063,5767.263671875,67500,0.0,0
2002-01-29,5694.53515625,5745.444155092592,5599.989872685184,5694.53515625,54000,0.0,0
2002-01-30,5454.53662109375,5549.081922526041,5396.354897135417,5454.53662109375,68000,0.0,0
2002-01-31,5454.53662109375,5454.53662109375,5454.53662109375,5454.53662109375,0,0.0,0
2002-02-01,5454.536531409439,5563.627262037628,5287.26407777955,5345.44580078125,41200,0.0,0
2002-02-04,5090.900832300845,5127.264409674422,4938.173807331819,4952.71923828125,46600,0.0,0
2002-02-05,4589.084689503972,4785.448059736313,4589.084689503972,4749.08447265625,64100,0.0,0
2002-02-06,4792.71939032092,4974.53727311003,4785.446675009356,4858.173828125,73800,0.0,0
2002-02-07,4887.265903253425,5345.447081683433,4887.265903253425,5309.08349609375,62300,0.0,0
2002-02-08,5454.5364688765185,5454.5364688765185,5323.627593623482,5389.08203125,103700,0.0,0
2002-02-11,5389.08203125,5389.08203125,5389.08203125,5389.08203125,0,0.0,0
2002-02-12,5519.991049400845,5861.808676965852,5519.991049400845,5803.626953125,141600,0.0,0
2002-02-13,5876.354838078849,5963.62743468398,5781.809525089957,5810.900390625,91800,0.0,0
2002-02-14,5818.171659347553,5927.26237796032,5789.080801050815,5796.353515625,92000,0.0,0
2002-02-15,5854.535232218475,5854.535232218475,5701.808226160602,5796.353515625,84600,0.0,0
2002-02-18,5789.082613717481,5789.082613717481,5672.719144095019,5730.90087890625,37100,0.0,0
2002-02-19,5789.081174266582,5789.081174266582,5585.445153061225,5701.80859375,32200,0.0,0
2002-02-20,5563.627337449597,5650.899923135081,5563.627337449597,5636.3544921875,44300,0.0,0
2002-02-21,5745.444244384766,5818.17138671875,5672.717102050781,5818.17138671875,71100,0.0,0
2002-02-22,5781.808086476631,5847.262517644291,5709.080940734787,5796.353515625,40800,0.0,0
2002-02-25,5709.0811142043685,5861.80812490283,5709.0811142043685,5847.2626953125,46300,0.0,0
2002-02-26,5890.899859154253,5949.081586158246,5883.627143278754,5919.99072265625,70700,0.0,0
2002-02-27,5927.262789439006,6036.353515625,5919.99007435994,6036.353515625,82600,0.0,0
2002-02-28,6181.807520666787,6327.261815270712,6159.989376476199,6254.53466796875,81200,0.0,0
2002-03-01,6327.2609145220595,6327.2609145220595,6181.806640625,6181.806640625,50100,0.0,0
2002-03-04,6392.716950702353,6690.898287424533,6327.26251093407,6625.44384765625,120100,0.0,0
2002-03-05,6683.624349673764,6763.624205872253,6472.715637877747,6618.169921875,120100,0.0,0
2002-03-06,6618.171069895038,6705.4436554321155,6530.898484357961,6669.080078125,99600,0.0,0
2002-03-07,6756.351995340983,6981.80615234375,6734.533851114909,6981.80615234375,80000,0.0,0
2002-03-08,7563.623921130952,7709.078227306548,7432.715045572917,7636.35107421875,290200,0.0,0
2002-03-11,8050.8951472355775,8727.257612179488,8021.804288528312,8509.076171875,252700,0.0,0
2002-03-12,8109.076821983942,8239.985685477854,7599.986797285399,7614.5322265625,132900,0.0,0
2002-03-13,7272.714942392677,7774.532273417771,7141.806073429609,7199.98779296875,182600,0.0,0
2002-03-14,7272.716164704107,7629.0792567746075,7134.534557574729,7527.26123046875,74400,0.0,0
2002-03-15,7541.806599672379,7999.987714213709,7541.806599672379,7890.89697265625,84300,0.0,0
2002-03-18,8181.8046985973015,8210.89555974787,7934.532378817472,7999.98681640625,104600,0.0,0
2002-03-19,8290.895632480053,8341.804640749668,8109.077745802859,8203.623046875,88300,0.0,0
2002-03-20,8145.442083333332,8218.169244791667,8021.805908854166,8181.8056640625,66500,0.0,0
2002-03-21,8181.805664062499,8181.805664062499,8181.805664062499,8181.8056640625,0,0.0,0
2002-03-22,8072.7134573258645,8319.985761424134,7854.532012533274,8196.349609375,96900,0.0,0
2002-03-25,7905.443521977856,7956.352541898596,7374.535171375847,7512.716796875,128100,0.0,0
2002-03-26,7581.972753614157,7581.972753614157,7246.6162664350695,7312.2294921875,88900,25.0,0
2002-03-27,7436.165528326207,7436.165528326207,7246.6162109375,7246.6162109375,118200,0.0,0
2002-03-28,7290.3594347895405,7326.811231963488,7122.681167789381,7144.55224609375,105400,0.0,0
2002-03-29,7217.455840441645,7253.907637615593,7144.552246093749,7144.55224609375,99200,0.0,0
2002-04-01,7210.164842591188,7210.164842591188,6707.130086131338,6758.16259765625,71200,0.0,0
2002-04-02,6707.129566228881,6925.8403129537355,6670.677775108072,6903.96923828125,90800,0.0,0
2002-04-03,6685.259832991604,7144.55249327347,6677.96947330459,7027.90673828125,119700,0.0,0
2002-04-04,7071.649233105267,7217.45643378785,6998.745632763976,7042.48779296875,61900,0.0,0
2002-04-05,7042.486044540325,7042.486044540325,6772.742790246337,6903.96923828125,148700,0.0,0
2002-04-08,6758.16233293173,6874.808068990961,6641.516596872499,6831.06591796875,132500,0.0,0
2002-04-09,6823.7758319168415,6998.744442991632,6736.291526379446,6969.5830078125,144500,0.0,0
2002-04-10,6933.131511909881,7159.132644264462,6758.162893312786,7151.84228515625,131100,0.0,0
2002-04-11,7253.906249999999,7581.972361809045,7115.389447236181,7253.90625,161200,0.0,0
2002-04-12,7326.811419231135,7428.876453926892,7122.681349839621,7173.7138671875,107600,0.0,0
2002-04-15,6955.003078553735,7173.7138671875,6903.970561205856,7173.7138671875,55700,0.0,0
2002-04-16,7246.61573414522,7436.1650390625,7217.454302619485,7436.1650390625,82500,0.0,0
2002-04-17,7654.876239483173,7698.618389423076,7523.649789663461,7581.97265625,133300,0.0,0
2002-04-18,7654.8759765625,7705.908483072917,7640.295260416667,7654.8759765625,92400,0.0,0
2002-04-19,7654.877564179463,7705.910081273993,7509.070372480806,7596.5546875,73400,0.0,0
2002-04-22,7611.135314941407,7793.394302368165,7589.264236450196,7698.61962890625,64000,0.0,0
2002-04-23,7647.5858811598555,7654.876239483173,7545.520864633413,7581.97265625,49300,0.0,0
2002-04-24,7516.362559232532,7523.652920589692,7355.974609375,7355.974609375,63900,0.0,0
2002-04-25,7210.16492201213,7268.48779296875,7057.067385751003,7268.48779296875,173100,0.0,0
2002-04-26,7428.875131460336,7764.231614332933,7268.4872483473555,7581.97265625,179900,0.0,0
2002-04-29,7581.97265625,7581.97265625,7581.97265625,7581.97265625,0,0.0,0
2002-04-30,7487.19986089939,7567.393822408537,7450.748060213415,7472.619140625,53000,0.0,0
2002-05-01,7421.5849609375,7509.069263031066,7399.7138854141085,7421.5849609375,42500,0.0,0
2002-05-02,7545.520407284007,7545.520407284007,7421.584323299632,7436.1650390625,57800,0.0,0
2002-05-03,7436.1650390625,7436.1650390625,7436.1650390625,7436.1650390625,0,0.0,0
2002-05-06,7436.1650390625,7436.1650390625,7436.1650390625,7436.1650390625,0,0.0,0
2002-05-07,7283.067622496197,7290.357980476673,7115.389388945234,7188.29296875,42800,0.0,0
2002-05-08,7042.486291503906,7151.841668701171,6998.744140625,6998.744140625,89500,0.0,0
2002-05-09,7290.359973907471,7705.9104924201965,7202.875654220581,7465.32861328125,159700,0.0,0
2002-05-10,7428.874681181066,7581.972196691177,7304.938597196691,7436.1650390625,40700,0.0,0
2002-05-13,7363.2619065504805,7603.843731219951,7319.519756610576,7581.97265625,49600,0.0,0
2002-05-14,7509.070494779075,7581.974091815765,7494.489775371737,7538.23193359375,70600,0.0,0
2002-05-15,7654.877564179463,7786.104036708253,7596.5546875,7596.5546875,58800,0.0,0
2002-05-16,7851.717132653209,7953.782165018246,7771.523178652108,7866.2978515625,68400,0.0,0
2002-05-17,8012.1043752999385,8274.557293872092,7982.942939903032,8070.42724609375,113900,0.0,0
2002-05-20,8362.042281729715,8529.720548930922,8245.396530633223,8311.009765625,88600,0.0,0
2002-05-21,8070.4275614330945,8274.5576171875,8063.137202299008,8274.5576171875,24800,0.0,0
2002-05-22,8340.169699622844,8544.299727235992,8259.975760203393,8456.8154296875,64200,0.0,0
2002-05-23,8894.237829930278,9331.6593625498,8886.947471053287,9149.400390625,351900,0.0,0
2002-05-24,9331.66034345048,9346.241062737121,9098.368834864217,9127.5302734375,270200,0.0,0
2002-05-27,8981.720143229168,9018.17192952474,8748.4287109375,8748.4287109375,112700,0.0,0
2002-05-28,8748.430397727272,8821.333984375,8733.849680397727,8821.333984375,57700,0.0,0
2002-05-29,8748.4287109375,8879.655141601563,8741.138353678385,8748.4287109375,54000,0.0,0
2002-05-30,8748.4287109375,8821.332283528647,8733.847996419272,8748.4287109375,49900,0.0,0
2002-05-31,8748.431320253954,8865.077071190673,8741.14096082041,8755.7216796875,34400,0.0,0
2002-06-03,8952.561583291332,9083.788056010586,8901.529066122732,9040.0458984375,69000,0.0,0
2002-06-04,8989.013259887695,9003.593978881836,8792.173553466797,8865.0771484375,55300,0.0,0
2002-06-05,8967.14280286372,9025.465682882346,8784.883802805514,8806.7548828125,22200,0.0,0
2002-06-06,8952.560116252065,8952.560116252065,8814.043306635787,8828.6240234375,51700,0.0,0
2002-06-07,8748.430559961927,8748.430559961927,8602.623383962562,8617.2041015625,78800,0.0,0
2002-06-10,8529.721107900696,8821.335504752,8493.269308294282,8653.6572265625,52200,0.0,0
2002-06-11,8529.717593566022,8697.395802670311,8515.136879730866,8668.234375,33900,0.0,0
2002-06-12,8376.622321330326,8602.62344575264,8238.105503136003,8281.84765625,58400,0.0,0
2002-06-13,8485.978991822296,8485.978991822296,7946.49235488514,7953.78271484375,62800,0.0,0
2002-06-14,8245.396543204066,8303.71941884123,7807.9749759253355,7866.2978515625,161300,0.0,0
2002-06-17,7720.491412690955,7735.0721330170945,7392.425205352813,7516.361328125,142100,0.0,0
2002-06-18,7764.232102156133,7837.135689969805,7654.876720435624,7771.5224609375,31200,0.0,0
2002-06-19,7917.329548663403,7917.329548663403,7261.197265625,7261.197265625,73100,0.0,0
2002-06-20,7326.809670840992,7552.810765165441,7283.0675235523895,7436.1650390625,51100,0.0,0
2002-06-21,7399.713736520686,7421.584811603999,7217.454777493083,7246.6162109375,40300,0.0,0
2002-06-24,7144.552774429321,7581.9743728637695,7049.778094768524,7465.32861328125,88700,0.0,0
2002-06-25,7581.974542682927,7807.975706935976,7465.328780487805,7472.619140625,61300,0.0,0
2002-06-26,7465.3268268268275,7509.068976202766,7246.6160799471345,7283.06787109375,71400,0.0,0
2002-06-27,7436.166897742384,7618.42589033411,7414.295818631377,7538.23193359375,66900,0.0,0
2002-06-28,7684.040063015919,7800.685832473467,7618.4268176960495,7727.7822265625,79200,0.0,0
2002-07-01,7720.488959239769,7837.134684780691,7581.972160159924,7749.650390625,32000,0.0,0
2002-07-02,7713.19802369589,7713.19802369589,7363.260873282466,7494.4873046875,88100,0.0,0
2002-07-03,7355.972941002025,7727.781285889145,7355.972941002025,7538.23193359375,99000,0.0,0
2002-07-04,7560.102648902706,7822.555585605211,7560.102648902706,7713.2001953125,55900,0.0,0
2002-07-05,7567.392930174377,7727.780834282119,7421.585744621884,7603.8447265625,62200,0.0,0
2002-07-08,7662.16786256068,7800.684693567961,7509.0703125,7509.0703125,51100,0.0,0
2002-07-09,7428.8769125154695,7509.070873298267,7290.360071163366,7363.263671875,93200,0.0,0
2002-07-10,7290.358040201005,7290.358040201005,7210.164101758794,7253.90625,89800,0.0,0
2002-07-11,7268.488572245896,7290.359651199495,7181.004256431502,7217.4560546875,67000,0.0,0
2002-07-12,7210.164800425045,7246.616594158235,7108.099777972112,7115.39013671875,34400,0.0,0
2002-07-15,7122.680234781901,7144.5513102213545,6998.744140625,6998.744140625,56000,0.0,0
2002-07-16,6925.841144064198,6976.873657757303,6707.130371093749,6707.13037109375,38900,0.0,0
2002-07-17,6707.129954063841,6852.937126978272,6634.226367606625,6794.6142578125,73900,0.0,0
2002-07-18,6867.518860774254,6962.293537196828,6831.067062150187,6838.357421875,45100,0.0,0
2002-07-19,6780.033240685096,6889.3886155348555,6634.22607421875,6634.22607421875,63300,0.0,0
2002-07-22,6524.8709868514825,6707.129952964653,6320.740944804733,6393.64453125,103100,0.0,0
2002-07-23,6400.935192844027,6663.388116468611,6349.902679917024,6575.90380859375,60100,0.0,0
2002-07-24,6561.323722001444,6575.90444138367,6306.1611328125,6306.1611328125,65700,0.0,0
2002-07-25,6597.774473997924,6670.678059345967,6459.257661836642,6473.83837890625,64300,0.0,0
2002-07-26,6466.547928188538,6517.580437204682,6313.450401140106,6364.48291015625,90700,0.0,0
2002-07-29,6488.419211647727,6852.937144886364,6430.096342329545,6816.4853515625,146200,0.0,0
2002-07-30,6889.388521832927,6969.582462298707,6809.194581367146,6903.96923828125,140900,0.0,0
2002-07-31,6801.904634232955,6831.066068892045,6677.968536931819,6816.4853515625,42800,0.0,0
2002-08-01,6634.226971674231,6634.226971674231,6524.871582031249,6524.87158203125,50800,0.0,0
2002-08-02,6524.871975234632,6750.873127449463,6451.968377745978,6626.93701171875,63800,0.0,0
2002-08-05,6699.83941071609,6831.065862721411,6626.935826268689,6765.45263671875,36900,0.0,0
2002-08-06,6561.322035200141,6568.61239301703,6386.353447594804,6488.41845703125,112500,0.0,0
2002-08-07,6488.41845703125,6561.322035200141,6481.128099214361,6488.41845703125,112500,0.0,0
2002-08-08,6503.000504102653,6590.484815817039,6444.677629626396,6524.87158203125,70500,0.0,0
2002-08-09,6743.582114361702,6852.9375,6729.001396276596,6852.9375,110300,0.0,0
2002-08-12,6816.485895876024,6816.485895876024,6656.097992443647,6670.6787109375,38800,0.0,0
2002-08-13,6641.517362977768,6736.292034458241,6510.290894774036,6568.61376953125,43100,0.0,0
2002-08-14,6641.517073173354,6765.453176624449,6597.774919014145,6619.64599609375,41600,0.0,0
2002-08-15,6670.679700265523,6736.292943218954,6634.2278986247275,6692.55078125,69800,0.0,0
2002-08-16,6743.582627444612,6750.872987041849,6561.323637513677,6663.388671875,30900,0.0,0
2002-08-19,6634.226439468504,6656.097515642577,6415.515677727784,6481.12890625,50100,0.0,0
2002-08-20,6510.290358744394,6539.4517937219725,6437.386771300448,6503.0,40300,0.0,0
2002-08-21,6524.872027326114,6670.6792234674795,6415.51663022009,6459.2587890625,44300,0.0,0
2002-08-22,6488.420273647514,6780.03466796875,6459.2588342153895,6780.03466796875,60800,0.0,0
2002-08-23,6780.03466796875,6780.03466796875,6780.03466796875,6780.03466796875,0,0.0,0
2002-08-26,6546.742711254674,6831.066726554152,6546.742711254674,6823.7763671875,53600,0.0,0
2002-08-27,6743.581524433128,6780.03331645709,6692.549015599579,6721.71044921875,34300,0.0,0
2002-08-28,6707.129657451923,6707.129657451923,6524.87069936899,6634.22607421875,33600,0.0,0
2002-08-29,6692.549320366816,6692.549320366816,6291.57958984375,6291.57958984375,49300,0.0,0
2002-08-30,6364.481976922461,6437.385550541276,6291.578403303647,6408.22412109375,43600,0.0,0
2002-09-02,6342.611137548715,6379.062925695547,6313.44970703125,6313.44970703125,46400,0.0,0
2002-09-03,6262.418711369395,6262.418711369395,5927.062179677902,5934.3525390625,80500,0.0,0
2002-09-04,5861.4484328311755,5868.7387915784775,5438.607625487633,5489.64013671875,155600,0.0,0
2002-09-05,5708.351517078488,5817.7069101259685,5635.447921713501,5642.73828125,93800,0.0,0
2002-09-06,5394.866478249656,5431.318278778371,5219.897835711829,5300.091796875,141000,0.0,0
2002-09-09,5394.865706093115,5467.769296715995,5329.252474532523,5372.99462890625,83000,0.0,0
2002-09-10,5445.897798627336,5540.672459112149,5416.736364632009,5460.478515625,74500,0.0,0
2002-09-11,5387.573821493217,5496.929176462633,5380.283464495256,5475.05810546875,91300,0.0,0
2002-09-12,5402.156447793073,5453.18896484375,5321.962492427724,5453.18896484375,63100,0.0,0
2002-09-13,5453.188611940612,5453.188611940612,5329.25250712378,5416.73681640625,88500,0.0,0
2002-09-16,5416.73681640625,5416.73681640625,5416.73681640625,5416.73681640625,0,0.0,0
2002-09-17,5482.349086084906,5810.4151883107315,5394.864792158019,5795.83447265625,85600,0.0,0
2002-09-18,5402.156030273438,5577.124646638569,5365.704235197369,5540.6728515625,76400,0.0,0
2002-09-19,5759.383434514331,6043.707426851115,5708.350923069268,5722.931640625,138500,0.0,0
2002-09-20,5001.185866218066,5125.121959112682,4993.8955078125,4993.8955078125,233800,0.0,0
2002-09-23,4993.8955078125,4993.8955078125,4993.8955078125,4993.8955078125,0,0.0,0
2002-09-24,4775.186484516531,5044.929843183877,4746.025040336277,5030.34912109375,111700,0.0,0
2002-09-25,4993.895979626787,5030.347775098516,4884.540593211602,4972.02490234375,51000,0.0,0
2002-09-26,4993.8955078125,5103.250883895985,4891.83049013458,4993.8955078125,78000,0.0,0
2002-09-27,5212.607978102617,5380.286276698926,5176.156174059942,5343.83447265625,94600,0.0,0
2002-09-30,5176.155121192503,5249.058714448736,5154.284043215634,5190.73583984375,98500,0.0,0
2002-10-01,5139.7039605798855,5176.15576171875,5030.348557163292,5176.15576171875,87500,0.0,0
2002-10-02,5285.510571430184,5285.510571430184,5044.9287109375,5044.9287109375,65100,0.0,0
2002-10-03,4972.0246814546135,4972.0246814546135,4840.79822358631,4899.12109375,105300,0.0,0
2002-10-04,4826.217655375467,4950.153758308069,4826.217655375467,4884.54052734375,76500,0.0,0
2002-10-07,4884.540314779672,4891.8306734584485,4592.925967628647,4622.08740234375,67900,0.0,0
2002-10-08,4184.666654332269,4483.571415356003,4184.666654332269,4425.24853515625,141600,0.0,0
2002-10-09,4374.215035801252,4374.215035801252,3827.438156326096,3929.503173828125,162700,0.0,0
2002-10-10,3783.6962307114904,3973.2455601883667,3630.5986953647825,3812.857666015625,121200,0.0,0
2002-10-11,4104.472100619611,4155.504613415948,3995.1167160560344,4016.98779296875,159100,0.0,0
2002-10-14,4016.98779296875,4016.98779296875,4016.98779296875,4016.98779296875,0,0.0,0
2002-10-15,4228.40831686772,4454.409451045133,4213.827598533693,4381.505859375,99700,0.0,0
2002-10-16,4600.216326307423,4622.08740234375,4396.086283301705,4622.08740234375,107500,0.0,0
2002-10-17,4447.119655856838,4622.088298054485,4410.667855398996,4490.86181640625,72900,0.0,0
2002-10-18,4520.022827925955,4702.28181292297,4505.442109126195,4578.345703125,64200,0.0,0
2002-10-21,4592.926219995471,4629.37801539226,4483.570833805103,4527.31298828125,43600,0.0,0
2002-10-22,4483.571626935686,4527.313789149693,4046.150004795619,4082.601806640625,89500,0.0,0
2002-10-23,3871.1813559395923,4082.6018066406245,3849.310274832589,4082.601806640625,110900,0.0,0
2002-10-24,4155.504851645612,4155.504851645612,3980.5362263131647,4111.7626953125,55300,0.0,0
2002-10-25,4038.859045577376,4279.440902082888,3980.5361712730096,4257.56982421875,52300,0.0,0
2002-10-28,4184.666128373579,4184.666128373579,3965.955355113636,4009.697509765625,42400,0.0,0
2002-10-29,3936.7933821193387,4009.696963269697,3936.7933821193387,3944.083740234375,74700,0.0,0
2002-10-30,4016.9877000263264,4082.6009292463573,3965.9551884107473,4002.406982421875,36300,0.0,0
2002-10-31,4002.4073801577674,4038.8591777912625,3688.921920509709,3754.53515625,93100,0.0,0
2002-11-01,3739.954983232606,3863.89111328125,3688.922459094929,3863.89111328125,36100,0.0,0
2002-11-04,3863.89111328125,3863.89111328125,3863.89111328125,3863.89111328125,0,0.0,0
2002-11-05,3936.7936655108847,3936.7936655108847,3885.76115503204,3893.051513671875,60700,0.0,0
2002-11-06,3965.9557339449543,4075.3111310206423,3922.213575114679,3973.24609375,71400,0.0,0
2002-11-07,4002.407425944011,4002.407425944011,3827.4387953016494,3936.794189453125,64500,0.0,0
2002-11-08,3863.8907424593067,3863.8907424593067,3667.051025390625,3667.051025390625,101800,0.0,0
2002-11-11,3652.470203193886,3667.0509225679134,3506.6630094536113,3513.953369140625,94900,0.0,0
2002-11-12,3455.6304490905363,3513.9533258684355,3295.242537951313,3331.6943359375,181500,0.0,0
2002-11-13,3338.9841120793267,3550.404503455529,3309.8226787860576,3317.113037109375,269600,0.0,0
2002-11-14,3295.2421398074125,3302.5324985238008,3061.950660882994,3134.854248046875,149300,0.0,0
2002-11-15,3229.6294573738255,3295.2426969141516,3120.274058139949,3200.468017578125,125900,0.0,0
2002-11-18,3018.208862906019,3149.435335206281,2886.9823906057572,2959.885986328125,92900,0.0,0
2002-11-19,2886.981972505623,2908.8530480549084,2741.1748021770563,2835.949462890625,113600,0.0,0
2002-11-20,2806.787797675075,3120.273188064759,2799.4974397590363,3025.49853515625,199500,0.0,0
2002-11-21,3134.854738953293,3390.017333984375,3134.854738953293,3390.017333984375,230900,0.0,0
2002-11-22,3535.824370449029,3754.53515625,3470.211134708738,3754.53515625,235000,0.0,0
2002-11-25,3761.8255157766994,3900.3423467839807,3652.4701228762137,3754.53515625,128000,0.0,0
2002-11-26,3761.8246668198526,3827.4378877527574,3608.7271513097426,3718.08251953125,92600,0.0,0
2002-11-27,3645.180608993186,3914.9239740586822,3586.8577192492953,3878.47216796875,77200,0.0,0
2002-11-28,4242.988111486123,4257.568826645869,4060.729171989296,4235.69775390625,169300,0.0,0
2002-11-29,4221.118003970287,4447.119140625,4126.3433337602455,4447.119140625,119500,0.0,0
2002-12-02,4447.119140625,4447.119140625,4447.119140625,4447.119140625,0,0.0,0
2002-12-03,4731.442431157178,4731.442431157178,4410.666673112624,4417.95703125,99200,0.0,0
2002-12-04,4199.24674131016,4206.537100236046,3973.245614607704,4089.891357421875,175400,0.0,0
2002-12-05,3944.084277787642,4082.6011008522723,3936.793918678977,4009.697509765625,102300,0.0,0
2002-12-06,3944.084277787642,4082.6011008522723,3944.084277787642,4009.697509765625,61100,0.0,0
2002-12-09,4009.697693941886,4191.956680030154,3987.8266156112936,4155.5048828125,51300,0.0,0
2002-12-10,4053.440042108969,4221.118317232182,4038.859322533038,4206.53759765625,83700,0.0,0
2002-12-11,4235.699504364602,4294.022389106283,4155.50553784479,4162.7958984375,84500,0.0,0
2002-12-12,4155.50553784479,4221.118783179181,4111.763374288529,4162.7958984375,164400,0.0,0
2002-12-13,4308.6021518049565,4308.6021518049565,4016.98779296875,4016.98779296875,166300,0.0,0
2002-12-16,3871.1805612664475,4009.697379842836,3732.6637426900584,3739.9541015625,188500,0.0,0
2002-12-17,3958.664664865654,3973.2453818633176,3863.8900043808408,3900.341796875,86400,0.0,0
2002-12-18,3863.8905491504856,3863.8905491504856,3667.050841929612,3754.53515625,102100,0.0,0
2002-12-19,3608.7279657160198,3754.53515625,3586.8568871359225,3754.53515625,147200,0.0,0
2002-12-20,3718.08251953125,3790.9860983455883,3645.1789407169117,3718.08251953125,88400,0.0,0
2002-12-23,3718.08251953125,3718.08251953125,3718.08251953125,3718.08251953125,0,0.0,0
2002-12-24,3718.082932324792,3798.2768779239545,3703.5022149431265,3725.373291015625,62700,0.0,0
2002-12-25,3732.6634615384614,3805.5670447716343,3725.373103215144,3790.986328125,29400,0.0,0
2002-12-26,3790.9861979166667,3922.212643229167,3790.9861979166667,3827.43798828125,51500,0.0,0
2002-12-27,3871.181806750764,3973.246863802573,3827.4396394428454,3878.47216796875,35000,0.0,0
2002-12-30,3776.4058959247077,3827.438408031798,3725.373383817617,3739.9541015625,19500,0.0,0
2002-12-31,3739.9541015625,3739.9541015625,3739.9541015625,3739.9541015625,0,0.0,0
2003-01-01,3739.9541015625,3739.9541015625,3739.9541015625,3739.9541015625,0,0.0,0
2003-01-02,3739.9541015625,3739.9541015625,3739.9541015625,3739.9541015625,0,0.0,0
2003-01-03,3739.9541015625,3739.9541015625,3739.9541015625,3739.9541015625,0,0.0,0
2003-01-06,3849.310121958493,3878.47156227636,3790.9872413227577,3820.148681640625,51300,0.0,0
2003-01-07,3834.729176530934,3849.309895833333,3608.7280273437495,3608.72802734375,109400,0.0,0
2003-01-08,3550.404870837738,3586.856666226216,3441.0494846723045,3448.33984375,111800,0.0,0
2003-01-09,3338.9845270524947,3368.1459639699838,3229.629138611911,3324.40380859375,170500,0.0,0
2003-01-10,3353.565338001501,3404.5978540145675,3266.0810248362445,3338.984619140625,97800,0.0,0
2003-01-13,3338.984619140625,3338.984619140625,3338.984619140625,3338.984619140625,0,0.0,0
2003-01-14,3317.1130741806196,3397.3070166333378,3280.661282156657,3360.855224609375,101700,0.0,0
2003-01-15,3375.4361552088717,3528.53369140625,3317.113284276537,3528.53369140625,81200,0.0,0
2003-01-16,3535.8245873451233,3732.664306640625,3477.5017075538635,3732.664306640625,206200,0.0,0
2003-01-17,3681.6317592213745,3776.406438171628,3608.728160028872,3688.922119140625,86600,0.0,0
2003-01-20,3703.50185408215,3732.6632860040568,3564.9850524530934,3594.146484375,120900,0.0,0
2003-01-21,3594.1468345806325,3754.5347257789567,3594.1468345806325,3725.373291015625,109400,0.0,0
2003-01-22,3725.3738085748614,3820.1484847225584,3652.470211538171,3769.115966796875,220300,0.0,0
2003-01-23,3718.0835005733948,3995.117173165138,3688.922061353211,3973.24609375,180700,0.0,0
2003-01-24,4264.860230521448,4702.281792626212,4257.569871153036,4323.18310546875,758300,0.0,0
2003-01-27,4133.634456066659,4221.118783179181,4002.4079653978765,4162.7958984375,352900,0.0,0
2003-01-28,4038.8597976520496,4119.053764753444,4031.5694370064684,4068.021240234375,136600,0.0,0
2003-01-29,4104.471160057454,4104.471160057454,3732.6629377431905,3747.24365234375,162600,0.0,0
2003-01-30,3732.663321167883,3995.1162109374995,3732.663321167883,3995.1162109375,118600,0.0,0
2003-01-31,3849.309049954379,4060.729433379904,3798.2765436102873,3995.1162109375,91300,0.0,0
2003-02-03,3922.212936641034,4177.37548828125,3922.212936641034,4177.37548828125,77700,0.0,0
2003-02-04,4184.665566069504,4359.634161166487,4177.375207940463,4228.40771484375,96000,0.0,0
2003-02-05,4228.408898305085,4403.377542372881,4155.505296610169,4301.3125,89300,0.0,0
2003-02-06,4301.311863413077,4323.182940684669,4075.310731606627,4104.47216796875,97000,0.0,0
2003-02-07,4111.762800480769,4279.441070713141,4082.601362179487,4264.8603515625,79300,0.0,0
2003-02-10,4257.570491868622,4308.603014887595,4191.957247987086,4286.73193359375,38900,0.0,0
2003-02-11,4286.73193359375,4286.73193359375,4286.73193359375,4286.73193359375,0,0.0,0
2003-02-12,4294.021596439549,4483.570936859631,4294.021596439549,4447.119140625,166700,0.0,0
2003-02-13,4447.119007305888,4454.409366334258,4264.86003159663,4272.150390625,102300,0.0,0
2003-02-14,4279.441419491525,4352.345021186441,4228.408898305085,4301.3125,88800,0.0,0
2003-02-17,4374.215931398557,4447.1195302552,4264.860533113593,4294.02197265625,67900,0.0,0
2003-02-18,4323.1823942939245,4476.279915845648,4301.311319786535,4439.828125,179500,0.0,0
2003-02-19,4447.119038408313,4556.474424598681,4439.828679328955,4527.31298828125,160700,0.0,0
2003-02-20,4454.409961422547,4468.9906814272035,4403.37744140625,4403.37744140625,82600,0.0,0
2003-02-21,4381.50544845347,4417.957240869889,4279.4404296875,4279.4404296875,48600,0.0,0
2003-02-24,4206.538109388401,4272.15135546205,4191.957388038701,4250.2802734375,101700,0.0,0
2003-02-25,4177.375769264914,4177.375769264914,4009.6975097656245,4009.697509765625,132300,0.0,0
2003-02-26,3936.795057712641,4024.2793923284776,3871.181806750764,3878.47216796875,95700,0.0,0
2003-02-27,3805.5675821863188,3856.6000976562505,3718.0832699521507,3856.60009765625,133400,0.0,0
2003-02-28,3929.5036911847237,3951.3747692432657,3805.5675821863188,3856.60009765625,81700,0.0,0
2003-03-03,3893.051326182666,4009.6970588023714,3849.3091764502765,3958.66455078125,68200,0.0,0
2003-03-04,3980.535494839188,4024.277643134124,3936.7933465442516,3995.1162109375,30900,0.0,0
2003-03-05,3922.21345528544,4009.6977702732197,3914.9230957031255,3914.923095703125,41400,0.0,0
2003-03-06,3900.3423467839807,3944.084503944175,3754.53515625,3754.53515625,77000,0.0,0
2003-03-07,3732.6640306122445,3754.5351089166134,3564.985763612085,3572.276123046875,85000,0.0,0
2003-03-10,3572.2760896601226,3645.179683326656,3324.40387119391,3411.88818359375,126800,0.0,0
2003-03-11,3280.661561940735,3368.1458702591544,3222.3386897284554,3309.822998046875,235000,0.0,0
2003-03-12,3317.113674790112,3462.9208692863804,3317.113674790112,3419.1787109375,122600,0.0,0
2003-03-13,3419.1782874723453,3477.5011580475666,3295.2421875,3295.2421875,69500,0.0,0
2003-03-14,3368.1455830141676,3426.4684502525083,3360.855224609375,3360.855224609375,200000,0.0,0
2003-03-17,3360.8556002530186,3360.8556002530186,3193.1773382013494,3207.758056640625,84600,0.0,0
2003-03-18,3426.4684855143228,3572.2756551106772,3353.564900716146,3499.3720703125,226100,0.0,0
2003-03-19,3462.9205283056745,3492.0819643335117,3317.113348166488,3404.59765625,156300,0.0,0
2003-03-20,3134.853971354167,3368.1454296875,3120.2732552083335,3280.6611328125,292100,0.0,0
2003-03-21,3280.6611328125,3280.6611328125,3280.6611328125,3280.6611328125,0,0.0,0
2003-03-24,3462.920572032099,3499.3723675271735,3324.403749150815,3353.565185546875,89800,0.0,0
2003-03-25,3222.338415963309,3346.274508884975,3222.338415963309,3266.08056640625,67500,0.0,0
2003-03-26,3306.403537326389,3372.384982638889,3299.072265625,3365.0537109375,43900,25.0,0
2003-03-27,3357.721105110458,3365.052373898909,3247.7520732836965,3277.0771484375,51800,0.0,0
2003-03-28,3269.7463828638984,3365.052891781456,3211.0962235300167,3343.05908203125,64700,0.0,0
2003-03-31,3233.0899471088046,3233.0899471088046,2998.4893160260795,3013.15185546875,174200,0.0,0
2003-04-01,2991.158103813559,3108.4584216101694,2917.845405190678,3027.814453125,129100,0.0,0
2003-04-02,3064.4707552244886,3079.1332947231704,2903.182820738989,2954.501708984375,142500,0.0,0
2003-04-03,3027.8144362043627,3049.808245668317,2932.5079285272277,2961.8330078125,99200,0.0,0
2003-04-04,2954.50162109375,3137.783359375,2954.50162109375,3115.78955078125,142700,0.0,0
2003-04-07,3152.4464103061514,3247.7529296875,3042.477349481518,3247.7529296875,102200,0.0,0
2003-04-08,3174.440088702494,3174.440088702494,3086.46484375,3086.46484375,92200,0.0,0
2003-04-09,3079.133415941922,3174.4399264353624,3057.139605828051,3108.45849609375,65900,0.0,0
2003-04-10,3042.4767771550423,3079.1331238677535,2983.826622414704,3035.1455078125,63600,0.0,0
2003-04-11,3013.1522309774264,3093.796207962224,2983.8271484375,2983.8271484375,68200,0.0,0
2003-04-14,2939.8394000832805,3005.820833002855,2822.539074892925,2888.5205078125,169000,0.0,0
2003-04-15,2895.851493702268,2969.164189745363,2888.520224097958,2939.839111328125,107100,0.0,0
2003-04-16,3013.1522024370765,3042.4772846992378,2976.495849609375,2976.495849609375,72400,0.0,0
2003-04-17,3013.1517869688623,3071.8019434062126,2983.826708750187,3057.139404296875,126100,0.0,0
2003-04-18,3130.45226399362,3189.1024235063805,3079.1333744199537,3159.77734375,109500,0.0,0
2003-04-21,3225.75859375,3306.4025585937497,3167.1084375,3299.0712890625,75700,0.0,0
2003-04-22,3299.071835799956,3321.065648038622,3123.1213378906245,3123.121337890625,77800,0.0,0
2003-04-23,3123.1214552338415,3218.427978515625,3108.45891319049,3218.427978515625,62100,0.0,0
2003-04-24,3255.0839709051725,3284.409051724138,3167.108728448276,3189.1025390625,43500,0.0,0
2003-04-25,3115.7901153928624,3137.783927972106,3027.8148650758876,3071.802490234375,40400,0.0,0
2003-04-28,3035.1460714901195,3049.8086128982845,2969.1646351533777,2991.158447265625,33900,0.0,0
2003-04-29,2991.158447265625,2991.158447265625,2991.158447265625,2991.158447265625,0,0.0,0
2003-04-30,3152.446073810905,3335.7278222882833,3130.45226399362,3159.77734375,179100,0.0,0
2003-05-01,3233.0902142629748,3357.721809824133,3225.758943935848,3328.396728515625,178700,0.0,0
2003-05-02,3372.3838329529494,3372.3838329529494,3240.42098731566,3262.414794921875,102400,0.0,0
2003-05-05,3262.414794921875,3262.414794921875,3262.414794921875,3262.414794921875,0,0.0,0
2003-05-06,3313.7347837467782,3555.666748046875,3313.7347837467782,3555.666748046875,190000,0.0,0
2003-05-07,3519.0100654823655,3592.3227751799145,3475.0224396638355,3533.672607421875,142700,0.0,0
2003-05-08,3445.6969352248393,3497.0158257494645,3423.703125,3423.703125,94000,0.0,0
2003-05-09,3387.0467461188973,3453.0281762380964,3321.065315999698,3416.371826171875,87700,0.0,0
2003-05-12,3379.7156449657373,3541.0035933155123,3357.721833827132,3460.359619140625,160400,0.0,0
2003-05-13,3570.3281925066594,3650.972155787097,3482.3529598370906,3526.340576171875,183900,0.0,0
2003-05-14,3526.3412051102755,3599.653912077225,3511.6786637168852,3562.99755859375,64600,0.0,0
2003-05-15,3526.3411865234375,3533.6724571814902,3387.0470440204326,3431.03466796875,157300,0.0,0
2003-05-16,3467.690935294859,3475.0222057711694,3387.046960055444,3409.040771484375,92500,0.0,0
2003-05-19,3335.728187223451,3372.3845409292035,3218.427855365044,3313.734375,133600,0.0,0
2003-05-20,3240.4216675884954,3357.7219994469024,3240.4216675884954,3313.734375,77900,0.0,0
2003-05-21,3321.065458188498,3357.721809824133,3269.7465658986093,3328.396728515625,62800,0.0,0
2003-05-22,3291.7403054942256,3409.040628184443,3291.7403054942256,3372.38427734375,80100,0.0,0
2003-05-23,3445.6971238659276,3482.35347624748,3372.384419102823,3409.040771484375,108600,0.0,0
2003-05-26,3482.3529307047525,3548.3343546549477,3482.3529307047525,3519.00927734375,119200,0.0,0
2003-05-27,3526.340816629344,3526.340816629344,3365.0528790704134,3401.709228515625,75400,0.0,0
2003-05-28,3475.0224396638355,3570.3289622706498,3431.034813845306,3533.672607421875,150600,0.0,0
2003-05-29,3570.328829290445,3570.328829290445,3519.0099344135806,3562.99755859375,114600,0.0,0
2003-05-30,3570.32832910947,3716.953722502056,3497.0156324131767,3621.647216796875,516300,0.0,0
2003-06-02,3694.960392803785,3738.9480165276395,3680.2978515625,3680.2978515625,313700,0.0,0
2003-06-03,3694.9609650642637,3694.9609650642637,3592.3231604791454,3636.310791015625,201900,0.0,0
2003-06-04,3658.30349609375,3716.95365234375,3621.6471484375,3665.634765625,177300,0.0,0
2003-06-05,3738.94819307604,3826.923444677829,3738.94819307604,3790.26708984375,269700,0.0,0
2003-06-06,3826.9239358067966,3929.5617425142586,3826.9239358067966,3856.2490234375,259400,0.0,0
2003-06-09,3929.561659275141,4002.8743767989313,3885.5740287608673,3900.236572265625,402900,0.0,0
2003-06-10,3907.566412295387,3907.566412295387,3812.259914434524,3848.916259765625,89100,0.0,0
2003-06-11,3885.5729862482576,4039.529651741113,3812.260288394517,3944.22314453125,172600,0.0,0
2003-06-12,4105.51143549747,4508.731308626687,4054.192542553752,4347.443359375,425900,0.0,0
2003-06-13,4354.774199054622,4413.424356617647,4164.16118697479,4362.10546875,305200,0.0,0
2003-06-16,4222.811505681818,4266.799125532671,4032.198486328125,4032.198486328125,133500,0.0,0
2003-06-17,4376.768370952803,4384.099641255906,4142.16772125349,4266.79931640625,260400,0.0,0
2003-06-18,4398.762219057881,4494.068733804135,4354.7745968673025,4464.74365234375,296900,0.0,0
2003-06-19,4582.044314714819,4618.700669232537,4428.087625740401,4486.73779296875,167700,0.0,0
2003-06-20,4442.750759369852,4464.744575010297,4398.763128088962,4450.08203125,93600,0.0,0
2003-06-23,4450.081010948951,4516.062442742264,4391.430849354896,4501.39990234375,131500,0.0,0
2003-06-24,4398.7620192307695,4398.7620192307695,4186.155188301283,4288.79296875,247300,0.0,0
2003-06-25,4178.825568953804,4310.788481657609,4142.169204313858,4215.48193359375,370600,0.0,0
2003-06-26,4178.824764962924,4332.781466829979,4164.162221927966,4325.4501953125,205600,0.0,0
2003-06-27,4442.750492976262,4648.026093311799,4369.437778570713,4574.71337890625,291000,0.0,0
2003-06-30,4648.025247012868,4985.263671875,4596.706356272978,4985.263671875,272400,0.0,0
2003-07-01,5058.576108870968,5417.808325298037,5058.576108870968,5227.1953125,380700,0.0,0
2003-07-02,5263.851288735617,5315.170173166188,5161.213519874477,5256.52001953125,169400,0.0,0
2003-07-03,5571.7656800176055,5828.36015212368,5153.883254016285,5205.2021484375,218600,0.0,0
2003-07-04,5102.564269682321,5322.502384754834,4999.9264826484805,5307.83984375,133800,0.0,0
2003-07-07,5263.8516144987825,5645.07763671875,5249.18907518263,5645.07763671875,168300,0.0,0
2003-07-08,6011.641678756273,6048.298030456007,5784.372298217926,5843.0224609375,289800,0.0,0
2003-07-09,5784.37193014551,5791.703200018952,5249.189229384266,5439.80224609375,259800,0.0,0
2003-07-10,5381.152672362618,5564.434439132462,5256.521070959125,5403.146484375,239300,0.0,0
2003-07-11,5109.895278199837,5139.220358706005,4999.926226301705,5051.2451171875,244700,0.0,0
2003-07-14,5168.546715777854,5212.534347401495,5051.246364781477,5058.57763671875,101900,0.0,0
2003-07-15,5278.515306122449,5498.453443877551,5278.515306122449,5388.484375,197300,0.0,0
2003-07-16,5535.109110514323,5535.109110514323,5197.8706746419275,5278.5146484375,167500,0.0,0
2003-07-17,5087.901497782783,5131.8891188010775,4911.951013709603,4933.94482421875,131500,0.0,0
2003-07-18,4860.631795854711,5029.2509984258395,4860.631795854711,4911.95068359375,119200,0.0,0
2003-07-21,4911.95068359375,4911.95068359375,4911.95068359375,4911.95068359375,0,0.0,0
2003-07-22,4985.263792067308,4985.263792067308,4699.3442510516825,4765.32568359375,122400,0.0,0
2003-07-23,4911.950970818015,4999.926212086397,4904.619700712316,4985.263671875,159900,0.0,0
2003-07-24,4977.932572345344,5087.901627699071,4963.270031631514,5029.25146484375,134900,0.0,0
2003-07-25,5036.583435333115,5080.571063589298,4779.988937172038,4889.9580078125,102900,0.0,0
2003-07-28,5029.252548969656,5058.57763671875,4977.9336454087415,5058.57763671875,81400,0.0,0
2003-07-29,5117.226637731482,5124.557907986112,4948.607421875,4948.607421875,58500,0.0,0
2003-07-30,4889.9576723520995,4926.614026717557,4801.982421875,4801.982421875,49900,0.0,0
2003-07-31,4801.982365793693,4823.9761781561065,4640.694408469324,4787.31982421875,137900,0.0,0
2003-08-01,4794.650935475419,4911.951264172066,4794.650935475419,4809.3134765625,73400,0.0,0
2003-08-04,4809.312415213178,4809.312415213178,4714.00591917999,4728.66845703125,49500,0.0,0
2003-08-05,4662.687241266155,4692.012318255251,4508.730587073404,4538.0556640625,162800,0.0,0
2003-08-06,4508.730837264151,4706.675117924528,4494.068297955975,4662.6875,140100,0.0,0
2003-08-07,4582.044650346805,4648.026093311799,4494.069393060146,4574.71337890625,112100,0.0,0
2003-08-08,4501.4002219752265,4574.71292917352,4435.418785496762,4457.41259765625,115900,0.0,0
2003-08-11,4530.725710386993,4948.608178820746,4523.394439010963,4889.9580078125,153100,0.0,0
2003-08-12,4838.638167842742,4875.294517599126,4728.669118573589,4772.65673828125,102400,0.0,0
2003-08-13,4794.65069099415,4985.263715406762,4794.65069099415,4933.94482421875,128900,0.0,0
2003-08-14,4933.945081462968,5190.53955078125,4875.29491704736,5190.53955078125,189500,0.0,0
2003-08-15,5131.889386365643,5190.53955078125,5131.889386365643,5190.53955078125,177900,0.0,0
2003-08-18,5190.539482157939,5447.133948083826,5175.876941247889,5425.14013671875,170000,0.0,0
2003-08-19,5718.390330188679,5945.659689465409,5652.408903301887,5828.359375,639100,0.0,0
2003-08-20,5755.046380293997,5828.359073036595,5564.43337916324,5571.7646484375,187300,0.0,0
2003-08-21,5359.159087730023,5593.759759149121,5359.159087730023,5527.7783203125,192300,0.0,0
2003-08-22,5571.764589173813,5615.752204351501,5498.451897211,5557.10205078125,101900,0.0,0
2003-08-25,5432.471623525245,5542.44068473021,5359.158916055269,5417.80908203125,84400,0.0,0
2003-08-26,5344.495106045511,5498.451755190856,5227.194801934773,5461.79541015625,177100,0.0,0
2003-08-27,5388.484700520834,5439.803602430556,5300.509440104167,5344.4970703125,110400,0.0,0
2003-08-28,5337.165255330124,5351.827797240371,5234.527461958391,5329.833984375,137500,0.0,0
2003-08-29,5329.833741207047,5520.44677734375,5315.171199965762,5520.44677734375,82200,0.0,0
2003-09-01,5520.446012045082,5879.67822265625,5454.464585606296,5879.67822265625,244800,0.0,0
2003-09-02,5952.991351683759,6612.8056640625,5894.3411905834255,6612.8056640625,398200,0.0,0
2003-09-03,6539.493950477014,6671.456832885742,6099.61767578125,6099.61767578125,461500,0.0,0
2003-09-04,6304.892947074232,6378.205655761142,6187.592613175177,6209.58642578125,312000,0.0,0
2003-09-05,6231.579633285142,6275.567254225979,6092.285500305828,6180.2607421875,181900,0.0,0
2003-09-08,6106.947941618145,6297.560962605026,6106.947941618145,6216.9169921875,152000,0.0,0
2003-09-09,6326.885123883928,6429.5228895089285,6312.222585937499,6414.8603515625,192300,0.0,0
2003-09-10,6341.547637305138,6400.1977888640295,6194.92225840791,6348.87890625,85000,0.0,0
2003-09-11,6128.942250844595,6224.248769099356,5938.3292143350745,5967.654296875,198000,0.0,0
2003-09-12,6121.609960349209,6172.928846244352,6033.6347273861065,6084.95361328125,204600,0.0,0
2003-09-15,6084.95361328125,6084.95361328125,6084.95361328125,6084.95361328125,0,0.0,0
2003-09-16,6290.2295418432195,6502.836367849576,6238.9106528072025,6488.173828125,218500,0.0,0
2003-09-17,6656.793897284836,6950.044729764344,6583.481189164959,6708.11279296875,364300,0.0,0
2003-09-18,6598.142384958791,6686.117616758242,6561.486038375687,6671.455078125,219300,0.0,0
2003-09-19,6744.767776570856,6891.393163018048,6744.767776570856,6854.73681640625,229000,0.0,0
2003-09-22,6884.061952833178,7038.018609925294,6708.111487585045,6869.3994140625,276000,0.0,0
2003-09-23,6869.3994140625,6869.3994140625,6869.3994140625,6869.3994140625,0,0.0,0
2003-09-24,6759.430624116994,6906.056017264868,6451.517298506459,6810.74951171875,210900,0.0,0
2003-09-25,6590.811748081794,6598.143018101907,6128.9417368146605,6150.935546875,314500,0.0,0
2003-09-26,6121.611035606279,6378.20551015265,6077.62341139833,6363.54296875,210300,0.0,0
2003-09-29,6576.149373653017,6576.149373653017,6268.2360250538795,6378.205078125,129100,0.0,0
2003-09-30,6451.517736245723,6634.799490116341,6429.52392578125,6429.52392578125,116600,0.0,0
2003-10-01,6356.211574835526,6385.536657072368,6194.923622532895,6268.236328125,233100,0.0,0
2003-10-02,6539.492786731022,7001.362792968751,6488.173897149051,7001.36279296875,544500,0.0,0
2003-10-03,6928.050220824411,7001.362921573876,6686.118308351178,6847.40625,323200,0.0,0
2003-10-06,7067.344529172207,7111.332150723072,6884.062772710273,6891.39404296875,148800,0.0,0
2003-10-07,7038.019841269841,7038.019841269841,6920.71951058201,6928.05078125,139900,0.0,0
2003-10-08,6994.033149766431,7433.909448493879,6979.370606475516,7111.33349609375,384400,0.0,0
2003-10-09,7111.332896609731,7184.645606884057,7001.3638311982395,7082.0078125,246300,0.0,0
2003-10-10,7111.331252974302,7404.58202629283,7111.331252974302,7221.30029296875,217900,0.0,0
2003-10-13,7221.30029296875,7221.30029296875,7221.30029296875,7221.30029296875,0,0.0,0
2003-10-14,7426.578181659051,7895.779567272259,7419.246910008845,7771.14794921875,292500,0.0,0
2003-10-15,7785.80844163161,7785.80844163161,7551.207810621995,7624.5205078125,271200,0.0,0
2003-10-16,7477.898386548913,8430.9638671875,7433.910748980978,8430.9638671875,404900,0.0,0
2003-10-17,8284.33475577731,8936.817758665968,8269.672216386554,8724.2109375,454100,0.0,0
2003-10-20,8357.64744280504,8577.585533405172,8196.359509698277,8291.666015625,220600,0.0,0
2003-10-21,8584.9160765439,8599.57861467634,7477.894447544643,7697.83251953125,272700,0.0,0
2003-10-22,7617.189833603896,7624.521103896103,7316.607751623376,7338.6015625,203900,0.0,0
2003-10-23,6972.037946818261,6986.700487190119,6451.517763617318,6561.48681640625,489500,0.0,0
2003-10-24,6781.425435564159,6891.394496681415,6598.143667035398,6627.46875,325400,0.0,0
2003-10-27,6671.4563078703695,7038.019841269841,6671.4563078703695,6928.05078125,232700,0.0,0
2003-10-28,7118.66386422822,7279.951819957387,7008.6948035037885,7257.9580078125,323800,0.0,0
2003-10-29,7521.883170666189,7727.158734777937,7375.257767729226,7675.83984375,364700,0.0,0
2003-10-30,7089.337439982096,7397.250751749674,6928.049514770508,7038.0185546875,236000,0.0,0
2003-10-31,6964.706745553524,7111.332150723072,6752.099908057679,6891.39404296875,131500,0.0,0
2003-11-03,6891.39404296875,6891.39404296875,6891.39404296875,6891.39404296875,0,0.0,0
2003-11-04,6964.708116319444,7082.008463541667,6649.463433159723,6730.107421875,261600,0.0,0
2003-11-05,6730.106058110282,6744.768598541895,6539.493032499316,6693.44970703125,192200,0.0,0
2003-11-06,6693.449544654702,6693.449544654702,6194.923182073629,6216.9169921875,202700,0.0,0
2003-11-07,6363.543508638211,6473.512578487949,6268.236981435104,6312.224609375,98900,0.0,0
2003-11-10,6348.879639857024,6356.210909649007,5901.672182546079,6040.96630859375,164300,0.0,0
2003-11-11,5740.384888308731,5879.679029915202,5513.115499371859,5835.69140625,277200,0.0,0
2003-11-12,5865.015604601827,6136.272576314662,5564.433554865984,5615.75244140625,227000,0.0,0
2003-11-13,5865.016070322182,6070.291632783457,5821.028449794765,5916.3349609375,188400,0.0,0
2003-11-14,6062.9609615138315,6062.9609615138315,5718.3912333504095,5813.69775390625,166500,0.0,0
2003-11-17,5659.741101816655,5659.741101816655,5109.895787520995,5183.20849609375,360900,0.0,0
2003-11-18,5256.521117160745,5388.483990394906,5161.21459760274,5351.82763671875,347300,0.0,0
2003-11-19,5278.514750874127,5461.796513057256,5175.876964051574,5241.8583984375,161400,0.0,0
2003-11-20,5461.796612378611,5535.109318585035,5322.502470586404,5520.44677734375,157500,0.0,0
2003-11-21,5469.127260774101,5681.734084584355,5403.145832695057,5608.42138671875,140800,0.0,0
2003-11-24,5608.42138671875,5608.42138671875,5608.42138671875,5608.42138671875,0,0.0,0
2003-11-25,6011.641795411985,6084.954500234082,5806.3662219101125,5872.34765625,265500,0.0,0
2003-11-26,5996.978380318147,6224.247732139495,5945.659494423005,6084.95361328125,231400,0.0,0
2003-11-27,6158.2675221882455,6209.586418206481,6084.954813590766,6143.60498046875,199300,0.0,0
2003-11-28,6136.272357543796,6158.2661652769275,5974.984434167495,5989.64697265625,158600,0.0,0
2003-12-01,5791.70342387678,6224.248363128337,5762.378343249556,6180.2607421875,125900,0.0,0
2003-12-02,6326.887209831028,6510.168994588589,6312.224667050423,6392.86865234375,254000,0.0,0
2003-12-03,6400.1988887392245,6436.855239762931,6290.229835668103,6378.205078125,110800,0.0,0
2003-12-04,6304.892947074232,6378.205655761142,6128.942446225649,6209.58642578125,119000,0.0,0
2003-12-05,6084.954813590766,6180.26133476749,6077.6235427310185,6143.60498046875,90800,0.0,0
2003-12-08,6143.604782123447,6143.604782123447,5762.3787097243785,5901.6728515625,123900,0.0,0
2003-12-09,5894.341105769231,6084.954126602564,5608.421574519231,5718.390625,138700,0.0,0
2003-12-10,5571.765545819257,5630.415709459459,5344.496161713471,5425.14013671875,153500,0.0,0
2003-12-11,5425.139065121644,5535.108100225461,5241.857339948615,5461.79541015625,127600,0.0,0
2003-12-12,5608.421328483372,5718.390374139908,5505.783552537271,5593.7587890625,126300,0.0,0
2003-12-15,5813.697262672877,6077.622989603801,5718.390750170042,6062.96044921875,202700,0.0,0
2003-12-16,5696.397131631541,5725.7222133902615,5601.0906159156975,5674.4033203125,163200,0.0,0
2003-12-17,5601.090581074297,5681.734555409136,5381.152469252008,5476.458984375,197400,0.0,0
2003-12-18,5483.790901360544,5520.447257653061,5307.840391156463,5388.484375,108100,0.0,0
2003-12-19,5439.802011931625,5520.445977068078,5322.501699005876,5381.15185546875,135000,0.0,0
2003-12-22,5439.802125143349,5593.7587890625,5417.808316012041,5593.7587890625,155400,0.0,0
2003-12-23,5593.7587890625,5593.7587890625,5593.7587890625,5593.7587890625,0,0.0,0
2003-12-24,5520.446652634079,5557.103004909206,5381.152513988598,5425.14013671875,97100,0.0,0
2003-12-25,5381.152023335376,5608.42138671875,5381.152023335376,5608.42138671875,84600,0.0,0
2003-12-26,5667.071538765823,5799.03439477848,5593.758840981012,5791.703125,159100,0.0,0
2003-12-29,5806.366287907943,6004.310593177532,5791.703746776862,5952.99169921875,121100,0.0,0
2003-12-30,6048.298090483967,6172.9296875,6040.966820071259,6172.9296875,113600,0.0,0
2003-12-31,6172.9296875,6172.9296875,6172.9296875,6172.9296875,0,0.0,0
2004-01-01,6172.9296875,6172.9296875,6172.9296875,6172.9296875,0,0.0,0
2004-01-02,6172.9296875,6172.9296875,6172.9296875,6172.9296875,0,0.0,0
2004-01-05,6319.554772718897,6334.217312794811,6202.254452111586,6216.9169921875,76400,0.0,0
2004-01-06,6319.5543359375,6444.18591796875,6231.5791015625,6231.5791015625,246200,0.0,0
2004-01-07,6260.905057565789,6297.561410361843,6202.254893092106,6268.236328125,88000,0.0,0
2004-01-08,6378.205726913928,6495.50606212154,6326.886830260597,6356.2119140625,179300,0.0,0
2004-01-09,6458.849505766789,6510.168400818285,6392.868069272009,6495.505859375,180100,0.0,0
2004-01-12,6495.505859375,6495.505859375,6495.505859375,6495.505859375,0,0.0,0
2004-01-13,6554.155546220321,6620.1369778936805,6510.167925104749,6561.48681640625,278600,0.0,0
2004-01-14,6414.861202239991,6583.4804109845845,6385.536122458322,6568.81787109375,98700,0.0,0
2004-01-15,6576.149066472457,6686.11811440678,6480.8425582627115,6488.173828125,179600,0.0,0
2004-01-16,6554.156145717464,6612.806312569523,6466.180895439377,6590.8125,111000,0.0,0
2004-01-19,6627.4678054052265,6942.71240234375,6620.136535708982,6942.71240234375,420100,0.0,0
2004-01-20,6964.707736144956,7162.652061277497,6847.407395325672,6957.37646484375,328900,0.0,0
2004-01-21,6964.70639459018,6964.70639459018,6803.41845703125,6803.41845703125,140500,0.0,0
2004-01-22,6876.730618990385,6884.061888307006,6649.4612701751375,6671.455078125,155100,0.0,0
2004-01-23,6612.805677998079,6781.424891516876,6598.143137692096,6678.787109375,114500,0.0,0
2004-01-26,6561.485935854108,6715.442589097613,6444.185628620962,6524.82958984375,247200,0.0,0
2004-01-27,6627.469293253311,6708.113278016349,6605.475479227028,6642.1318359375,120200,0.0,0
2004-01-28,6634.798627874825,6634.798627874825,6451.516897823034,6524.82958984375,99500,0.0,0
2004-01-29,6414.862081666307,6422.193352616782,6312.2242883596455,6356.2119140625,139500,0.0,0
2004-01-30,6378.206109563144,6561.487894320706,6363.5435667825395,6392.86865234375,180600,0.0,0
2004-02-02,6436.855852518049,6532.162374252371,6392.868227102208,6473.51220703125,86400,0.0,0
2004-02-03,6495.5058811528015,6495.5058811528015,6238.911405035027,6246.24267578125,152800,0.0,0
2004-02-04,6268.235203942587,6275.566473186965,5989.64697265625,5989.64697265625,162800,0.0,0
2004-02-05,5974.9857432477,6150.936243662356,5974.9857432477,6077.62353515625,66000,0.0,0
2004-02-06,6121.610782985069,6121.610782985069,6011.641727003302,6106.9482421875,48300,0.0,0
2004-02-09,6172.929224046609,6238.9106528072025,6011.641287076271,6055.62890625,89700,0.0,0
2004-02-10,6202.255309693113,6202.255309693113,6055.629888660179,6121.611328125,109100,0.0,0
2004-02-11,6121.611328125,6121.611328125,6121.611328125,6121.611328125,0,0.0,0
2004-02-12,6194.923465613163,6326.886332336284,6165.598384119136,6290.22998046875,113600,0.0,0
2004-02-13,6319.554278082045,6451.517128436426,6275.566661297251,6400.1982421875,173700,0.0,0
2004-02-16,6378.20499195772,6488.174043543198,6348.879911534927,6480.8427734375,70400,0.0,0
2004-02-17,6488.17485418298,6488.17485418298,6341.5494337494665,6436.85595703125,74300,0.0,0
2004-02-18,6444.1869859292465,6473.512068914135,6231.580134288805,6246.24267578125,155500,0.0,0
2004-02-19,6319.555004654644,6378.205167110836,6253.573571891428,6275.5673828125,75400,0.0,0
2004-02-20,6282.898407237038,6282.898407237038,6150.935546875,6150.935546875,68300,0.0,0
2004-02-23,6194.923326410175,6231.579677454022,6077.623003069863,6128.94189453125,204500,0.0,0
2004-02-24,6172.929651552914,6180.260921922929,5974.9853515625,5974.9853515625,101200,0.0,0
2004-02-25,6077.62252126522,6114.278869403129,5909.003319830841,5945.65966796875,101700,0.0,0
2004-02-26,6011.641319238744,6187.591796874999,6011.641319238744,6187.591796875,123200,0.0,0
2004-02-27,6297.561410361843,6458.849362664474,6238.911245888158,6268.236328125,355300,0.0,0
2004-03-01,6488.17398804244,6737.437169503957,6422.192557655568,6715.443359375,447500,0.0,0
2004-03-02,6796.087731539819,6854.737895350303,6759.431379158266,6818.08154296875,377300,0.0,0
2004-03-03,6788.756147363498,6810.749957776123,6598.143123787417,6612.8056640625,148900,0.0,0
2004-03-04,6744.7685546875,6891.393958050271,6730.106014351222,6744.7685546875,237900,0.0,0
2004-03-05,6869.39988603263,6869.39988603263,6671.455599028489,6803.41845703125,165600,0.0,0
2004-03-08,6847.406728251689,6876.731810599662,6752.100210620776,6781.42529296875,121400,0.0,0
2004-03-09,6715.444303042764,6994.032603824014,6671.456676603619,6964.70751953125,199300,0.0,0
2004-03-10,6818.081340383977,6928.050394261138,6759.4311783161575,6891.39404296875,139500,0.0,0
2004-03-11,6788.755397542317,7060.012362670898,6737.436512247721,7038.0185546875,218300,0.0,0
2004-03-12,6891.394247731855,6942.713141066029,6796.087731539819,6818.08154296875,235200,0.0,0
2004-03-15,6891.394437074161,7038.01985062893,6884.063166396422,6994.0322265625,202100,0.0,0
2004-03-16,6847.407716857281,7155.321125966495,6847.407716857281,7111.33349609375,294500,0.0,0
2004-03-17,7257.956946009251,7844.458517403938,7257.956946009251,7727.158203125,483500,0.0,0
2004-03-18,7624.522626323084,7771.148061444682,7228.63395149477,7272.62158203125,395200,0.0,0
2004-03-19,7345.932205546643,7499.888868537141,7272.619508884501,7426.576171875,356500,0.0,0
2004-03-22,7316.607887236925,7375.2580506616705,7162.651208246971,7184.64501953125,164000,0.0,0
2004-03-23,7038.020779639175,7125.996039384665,6840.076445211824,7111.33349609375,231900,0.0,0
2004-03-24,7199.307560387436,7213.970101243622,7082.007233537946,7184.64501953125,178900,0.0,0
2004-03-25,7279.950357912562,7441.23828125,7228.631473214286,7441.23828125,243800,0.0,0
2004-03-26,7621.298443143211,7680.093416667942,7364.070433972514,7503.70849609375,107000,25.0,0
2004-03-29,7650.698023448789,7665.3967708521495,7459.614307205112,7628.64990234375,160400,0.0,0
2004-03-30,7672.7448455991125,7753.587942631288,7305.276222725592,7452.263671875,185100,0.0,0
2004-03-31,7540.45685840708,7562.504977876107,7356.722529498526,7474.3125,129100,0.0,0
2004-04-01,7591.899653008643,7996.115026595744,7496.35783743351,7944.66943359375,435700,0.0,0
2004-04-02,8091.6579776618,8157.80232080345,7959.369291378501,8069.60986328125,441200,0.0,0
2004-04-05,8363.585333584673,8370.934705582551,8040.212965678061,8223.947265625,342800,0.0,0
2004-04-06,8150.453664582846,8209.24864142384,7753.587570906134,7834.4306640625,575000,0.0,0
2004-04-07,7819.732848210121,7988.768426695867,7650.697269724376,7878.52783203125,205800,0.0,0
2004-04-08,7790.334417793189,7849.12939453125,7643.346975948034,7849.12939453125,200700,0.0,0
2004-04-09,7687.443969015473,7694.7933418348,7422.866547519721,7569.85400390625,220500,0.0,0
2004-04-12,7569.85319667087,7702.141893311719,7562.503824635267,7650.6962890625,150800,0.0,0
2004-04-13,7731.539744894948,7922.623426802998,7716.84100013279,7782.9853515625,184800,0.0,0
2004-04-14,7790.335356299557,7944.67218883002,7665.396015679658,7878.52783203125,233400,0.0,0
2004-04-15,7900.573574122537,7944.669798722291,7364.069508158867,7459.611328125,227900,0.0,0
2004-04-16,7239.132027889566,7386.119480232502,6915.759632735108,7048.04833984375,527000,0.0,0
2004-04-19,6981.90398628943,7048.048339843751,6687.929081603559,7048.04833984375,404700,0.0,0
2004-04-20,7121.54190558104,7275.87872706422,6915.759476936799,7209.734375,202900,0.0,0
2004-04-21,7114.191442794959,7209.733270022577,6981.902758941334,7070.09521484375,149700,0.0,0
2004-04-22,7128.890855577257,7158.288343641492,6834.9159749348955,6879.01220703125,172200,0.0,0
2004-04-23,6915.758348929026,6930.4570914347205,6805.517780136322,6856.96337890625,133200,0.0,0
2004-04-26,6923.10788538088,6989.252228234838,6864.31291395514,6952.50537109375,194800,0.0,0
2004-04-27,6959.85400390625,6981.902115851043,6864.312185478815,6959.85400390625,121800,0.0,0
2004-04-28,6812.865551489526,6908.407355339973,6665.8781609503785,6687.92626953125,359400,0.0,0
2004-04-29,6687.92626953125,6687.92626953125,6687.92626953125,6687.92626953125,0,0.0,0
2004-04-30,6430.699801974827,6614.43408203125,6401.302317165799,6614.43408203125,419300,0.0,0
2004-05-03,6614.43408203125,6614.43408203125,6614.43408203125,6614.43408203125,0,0.0,0
2004-05-04,6614.43408203125,6614.43408203125,6614.43408203125,6614.43408203125,0,0.0,0
2004-05-05,6614.43408203125,6614.43408203125,6614.43408203125,6614.43408203125,0,0.0,0
2004-05-06,6724.675586608677,6724.675586608677,6371.9057197701895,6416.001953125,175800,0.0,0
2004-05-07,6357.207372244535,6386.6048629832385,6210.21991855102,6261.66552734375,223200,0.0,0
2004-05-10,6217.5684814453125,6217.5684814453125,5526.7275390625,5526.7275390625,411000,0.0,0
2004-05-11,5600.221428827408,5747.208867904243,5512.028965381307,5607.57080078125,394400,0.0,0
2004-05-12,5828.052367259838,6158.774128327546,5776.606759982639,5952.99169921875,343100,0.0,0
2004-05-13,5916.244542738971,5916.244542738971,5681.064635449969,5747.208984375,171500,0.0,0
2004-05-14,5607.57182572036,5828.05302463466,5482.632479668923,5563.4755859375,222200,0.0,0
2004-05-17,5269.500335194558,5291.548453751858,4865.284828310736,4946.1279296875,453700,0.0,0
2004-05-18,5093.114859934603,5291.547906425561,5093.114859934603,5232.7529296875,208700,0.0,0
2004-05-19,5313.596000254869,5600.221510642061,5262.150395826398,5519.37841796875,526200,0.0,0
2004-05-20,5570.823941012041,5717.811380088876,5504.679593427465,5607.57080078125,288800,0.0,0
2004-05-21,5534.077107908226,5695.763291671813,5526.727735918972,5578.17333984375,138300,0.0,0
2004-05-24,5644.31750317662,5820.702425150889,5629.618759678764,5783.95556640625,121200,0.0,0
2004-05-25,5725.160724744337,5747.2088405007335,5585.522658287158,5636.96826171875,100000,0.0,0
2004-05-26,5673.7154602536475,5747.209183832062,5534.077385454659,5541.4267578125,108200,0.0,0
2004-05-27,5607.569801901186,5607.569801901186,5284.19749353467,5306.24560546875,222000,0.0,0
2004-05-28,5445.8843994140625,5600.221204255757,5394.438797800165,5585.5224609375,264000,0.0,0
2004-05-31,5504.67927474665,5504.67927474665,5306.246243480749,5416.48681640625,240900,0.0,0
2004-06-01,5475.281936970163,5556.125025972407,5431.185706605303,5526.7275390625,157600,0.0,0
2004-06-02,5578.172990030317,5578.172990030317,5306.246243480749,5416.48681640625,184800,0.0,0
2004-06-03,5431.186777592379,5431.186777592379,5166.60934323064,5196.0068359375,215200,0.0,0
2004-06-04,5232.7534029236695,5262.1508939513305,5137.2115570837705,5247.4521484375,195500,0.0,0
2004-06-07,5254.801560786732,5475.282745155406,5218.054696725287,5445.88525390625,260800,0.0,0
2004-06-08,5644.317660550459,5673.715148365825,5526.727709288991,5607.57080078125,445900,0.0,0
2004-06-09,5534.07716209117,5570.824022397221,5460.58344147907,5519.37841796875,157000,0.0,0
2004-06-10,5519.378183444846,5783.95556640625,5519.378183444846,5783.95556640625,350300,0.0,0
2004-06-11,5857.449270734316,5872.148014199145,5666.365605691541,5798.654296875,482200,0.0,0
2004-06-14,5725.160765799524,5754.558253685529,5548.775838483492,5592.8720703125,296100,0.0,0
2004-06-15,5585.522991959549,5644.3179708222815,5467.9330342340845,5541.4267578125,242900,0.0,0
2004-06-16,5614.920273138552,5769.257086929009,5592.872156882772,5761.90771484375,227600,0.0,0
2004-06-17,5783.954657131288,6085.278851467226,5769.255915944169,6026.48388671875,650500,0.0,0
2004-06-18,6173.472966493683,6195.52108423116,5960.3411616980675,6107.32861328125,621900,0.0,0
2004-06-21,6063.2323778062955,6107.328613281251,5982.389279435545,6107.32861328125,175800,0.0,0
2004-06-22,5989.738561559607,6026.485423900463,5842.751112196181,5952.99169921875,159900,0.0,0
2004-06-23,6019.135723550811,6019.135723550811,5703.112724634224,5776.6064453125,165500,0.0,0
2004-06-24,5806.003356933594,5886.84644165039,5703.112158203125,5879.4970703125,122500,0.0,0
2004-06-25,5879.497308052434,5952.99102440309,5769.256733526451,5886.8466796875,108400,0.0,0
2004-06-28,5952.9910815135545,6099.978515625,5938.292338102409,6099.978515625,320900,0.0,0
2004-06-29,6173.47214251333,6269.013973290322,6092.629054932798,6202.86962890625,451400,0.0,0
2004-06-30,6188.170709690126,6188.170709690126,6092.628881630777,6122.0263671875,225400,0.0,0
2004-07-01,6239.61630941439,6261.664423581933,6122.0263671875,6122.0263671875,301600,0.0,0
2004-07-02,6026.484943049969,6026.484943049969,5850.100017887531,5938.29248046875,224200,0.0,0
2004-07-05,5791.304977592829,5828.051836587708,5695.763144206146,5739.859375,201100,0.0,0
2004-07-06,5754.55830972983,5769.257053815985,5519.378404351344,5534.0771484375,237400,0.0,0
2004-07-07,5438.535865999326,5512.029593918236,5409.138374831763,5460.583984375,472600,0.0,0
2004-07-08,5467.933480914718,5585.523448246217,5313.596648792125,5342.994140625,252900,0.0,0
2004-07-09,5416.486496093749,5526.7270625,5401.78775390625,5512.0283203125,180900,0.0,0
2004-07-12,5607.570499716646,5754.5579309018785,5607.570499716646,5673.71484375,223200,0.0,0
2004-07-13,5600.221708031002,5659.016686593008,5504.679867867744,5570.82421875,105800,0.0,0
2004-07-14,5703.113516881703,5710.462889970468,5482.63232421875,5482.63232421875,186200,0.0,0
2004-07-15,5497.330909863946,5548.776519982993,5350.343452380952,5401.7890625,199400,0.0,0
2004-07-16,5394.439847153569,5541.427308928871,5298.897996999623,5482.63232421875,146200,0.0,0
2004-07-19,5482.63232421875,5482.63232421875,5482.63232421875,5482.63232421875,0,0.0,0
2004-07-20,5335.644252041296,5394.439230025222,5291.5480185533515,5372.39111328125,148100,0.0,0
2004-07-21,5423.836662984184,5475.282268188641,5335.644196919401,5431.18603515625,124000,0.0,0
2004-07-22,5401.7890625,5438.535926870748,5335.644706632653,5401.7890625,113000,0.0,0
2004-07-23,5372.390715573789,5379.74008727772,5247.451396606956,5269.49951171875,151500,0.0,0
2004-07-26,5232.752214827221,5291.5471835331455,5173.957246121297,5210.7041015625,148500,0.0,0
2004-07-27,5144.560446198454,5159.259190330449,4982.874260746503,4990.2236328125,247100,0.0,0
2004-07-28,5041.6694912080575,5071.066980952711,4828.53769055932,4982.87451171875,558100,0.0,0
2004-07-29,5056.368601527149,5056.368601527149,4835.88741250707,4872.63427734375,298700,0.0,0
2004-07-30,4946.127400416513,5041.669237274485,4931.428656284518,4990.2236328125,80100,0.0,0
2004-08-02,4990.223270491511,4990.223270491511,4813.838353714197,4843.23583984375,281800,0.0,0
2004-08-03,4887.333038837935,4924.079903791604,4791.791189958396,4857.935546875,165300,0.0,0
2004-08-04,4784.4419262280235,4784.4419262280235,4586.008850946677,4755.04443359375,325900,0.0,0
2004-08-05,4755.0438886569655,4843.236356452768,4681.550165493798,4813.8388671875,215100,0.0,0
2004-08-06,4666.8512840271,4732.9956329345705,4622.755051422119,4703.59814453125,205800,0.0,0
2004-08-09,4556.610523350832,4666.851100528675,4475.767433420414,4637.45361328125,274200,0.0,0
2004-08-10,4644.803087854678,4843.236131164925,4622.754971931317,4791.79052734375,276500,0.0,0
2004-08-11,4938.7774027567975,4960.825516161962,4821.1874645959215,4865.28369140625,155600,0.0,0
2004-08-12,4806.489806562016,4916.73039845564,4703.5985874613,4747.69482421875,108800,0.0,0
2004-08-13,4630.103812839674,4666.850668497132,4527.212616998792,4563.95947265625,176100,0.0,0
2004-08-16,4505.164404133022,4534.56188800991,4343.478242810141,4380.22509765625,223000,0.0,0
2004-08-17,4527.212652439024,4593.3569931402435,4468.417682926829,4519.86328125,188500,0.0,0
2004-08-18,4497.815167682927,4563.959508384146,4416.972084603659,4519.86328125,140800,0.0,0
2004-08-19,4622.755024596031,4755.043721643294,4578.658792246943,4732.99560546875,212900,0.0,0
2004-08-20,4703.598381435258,4732.995871319227,4659.502146609301,4710.94775390625,118400,0.0,0
2004-08-23,4762.393569804566,4799.140433769107,4732.996078632933,4747.69482421875,78500,0.0,0
2004-08-24,4747.694405033903,4784.44126575398,4622.755078585643,4674.20068359375,106100,0.0,0
2004-08-25,4666.850693537472,4850.5849728106,4593.356981828219,4835.88623046875,190900,0.0,0
2004-08-26,4909.381533564814,5034.320883969907,4909.381533564814,4960.8271484375,276200,0.0,0
2004-08-27,4946.12800701711,4953.477379984445,4850.586158441742,4872.63427734375,118300,0.0,0
2004-08-30,4924.07861328125,4990.222952862639,4902.030500087453,4924.07861328125,117600,0.0,0
2004-08-31,4931.429006553558,4931.429006553558,4791.7909273814,4879.9833984375,112200,0.0,0
2004-09-01,4872.633953513307,4982.874540696866,4843.236463597691,4953.47705078125,163300,0.0,0
2004-09-02,5012.2719300735835,5071.066908725473,4990.223813079125,5056.3681640625,256500,0.0,0
2004-09-03,5063.716712052728,5093.114196592947,4857.934320271195,4865.28369140625,262000,0.0,0
2004-09-06,4902.032079008896,5034.32080078125,4872.634585281707,5034.32080078125,104100,0.0,0
2004-09-07,5026.970493142489,5056.367981406481,4924.07928421852,4990.2236328125,99500,0.0,0
2004-09-08,5019.619928995768,5056.366780598958,4938.77685546875,4938.77685546875,73800,0.0,0
2004-09-09,4931.428824248569,4946.127568881202,4799.140122554866,4813.8388671875,119000,0.0,0
2004-09-10,4769.7422132388565,4813.838443253391,4688.899124878875,4740.3447265625,199500,0.0,0
2004-09-13,4872.634292856467,4879.983665847201,4769.743070986196,4857.935546875,97000,0.0,0
2004-09-14,4879.98269750569,4924.078926700019,4784.440867584645,4843.23583984375,95800,0.0,0
2004-09-15,4806.489509056757,4806.489509056757,4666.851434634619,4799.14013671875,172100,0.0,0
2004-09-16,4666.851087332148,4710.947318078594,4644.802971958926,4652.15234375,148700,0.0,0
2004-09-17,4630.105075280643,4630.105075280643,4534.5632245208835,4541.91259765625,297300,0.0,0
2004-09-20,4541.91259765625,4541.91259765625,4541.91259765625,4541.91259765625,0,0.0,0
2004-09-21,4527.213451423267,4527.213451423267,4416.972864132116,4453.7197265625,355200,0.0,0
2004-09-22,4461.068433232668,4461.068433232668,4299.382262670693,4372.8759765625,341400,0.0,0
2004-09-23,4372.8759765625,4372.8759765625,4372.8759765625,4372.8759765625,0,0.0,0
2004-09-24,4306.731695713141,4321.430438701923,4269.984838241186,4299.38232421875,195900,0.0,0
2004-09-27,4225.889442845395,4240.588188733553,4086.251356907895,4189.142578125,313200,0.0,0
2004-09-28,4056.852812214351,4093.5996673974523,3924.5641335551877,4020.10595703125,567200,0.0,0
2004-09-29,4049.5041933952125,4078.901683002437,3939.2636073681197,4005.407958984375,411900,0.0,0
2004-09-30,4152.395638301455,4277.334976091056,4086.2512830010774,4262.63623046875,295800,0.0,0
2004-10-01,4336.129927961793,4358.178046239565,4255.286827609963,4292.03369140625,257900,0.0,0
2004-10-04,4424.322236618193,4468.418471534653,4365.527256729579,4453.7197265625,309300,0.0,0
2004-10-05,4468.4189939784055,4475.768367323765,4387.575887179454,4424.32275390625,347300,0.0,0
2004-10-06,4402.273389234967,4461.068359375,4343.478419094934,4461.068359375,160900,0.0,0
2004-10-07,4497.815521138169,4505.164892904734,4394.92431640625,4394.92431640625,199600,0.0,0
2004-10-08,4336.129181690705,4372.87603916266,4292.032952724358,4299.38232421875,131500,0.0,0
2004-10-11,4299.38232421875,4299.38232421875,4299.38232421875,4299.38232421875,0,0.0,0
2004-10-12,4336.129645718379,4380.225879403651,4277.334667471349,4328.7802734375,200400,0.0,0
2004-10-13,4292.033029286649,4314.081144163121,4189.141826529777,4211.18994140625,234800,0.0,0
2004-10-14,4137.696315267218,4159.744430623882,4086.2507127683366,4108.298828125,206400,0.0,0
2004-10-15,4078.9011046706987,4100.94921875,4027.4555051523294,4100.94921875,237300,0.0,0
2004-10-18,4100.949735235221,4100.949735235221,4042.1547569522786,4071.55224609375,87300,0.0,0
2004-10-19,4093.600320870536,4159.744670758929,4078.901576450893,4115.6484375,141700,0.0,0
2004-10-20,4122.997376485226,4137.696119360396,4034.804919234205,4049.503662109375,170000,0.0,0
2004-10-21,4049.5039947396317,4064.2027388221713,3931.914042079316,3953.962158203125,231200,0.0,0
2004-10-22,3939.2626790062614,4005.407015034352,3887.817084317747,3961.310791015625,197400,0.0,0
2004-10-25,3836.3720572668176,3880.4682878101144,3792.275826723521,3851.07080078125,320600,0.0,0
2004-10-26,3851.0710660088776,3895.1672995891317,3814.3242046919986,3829.02294921875,287100,0.0,0
2004-10-27,3976.010301911429,4020.1065344649755,3902.5165809888517,3924.564697265625,382700,0.0,0
2004-10-28,3998.058111763352,4005.407483292329,3931.913768002561,3990.708740234375,158300,0.0,0
2004-10-29,4027.4560761897937,4064.202938198825,3976.0104693771505,4005.407958984375,140000,0.0,0
2004-11-01,3968.6614079261894,4042.1551377026003,3902.5170511274196,3939.263916015625,177300,0.0,0
2004-11-02,4012.7568049214497,4100.94926217247,3983.3593191711093,4049.503662109375,192800,0.0,0
2004-11-03,4049.503662109375,4049.503662109375,4049.503662109375,4049.503662109375,0,0.0,0
2004-11-04,4247.937080490757,4262.635824713908,4174.443359375,4174.443359375,452400,0.0,0
2004-11-05,4299.383034219547,4336.129897759885,4277.334916095345,4321.43115234375,310400,0.0,0
2004-11-08,4336.130676792989,4350.829424849914,4284.68505859375,4284.68505859375,228800,0.0,0
2004-11-09,4262.63623046875,4328.780585769127,4233.238739224138,4262.63623046875,167800,0.0,0
2004-11-10,4262.6357021917665,4328.780049294742,4262.6357021917665,4306.73193359375,107800,0.0,0
2004-11-11,4314.081918174343,4343.479409950658,4167.0944592927635,4189.142578125,130200,0.0,0
2004-11-12,4233.238433786078,4343.479017999257,4225.8890615052,4328.7802734375,140700,0.0,0
2004-11-15,4446.369534552385,4600.706328313708,4416.972050026419,4563.95947265625,406100,0.0,0
2004-11-16,4637.453822873674,4732.995660745873,4608.056334297612,4674.20068359375,528200,0.0,0
2004-11-17,4600.707017254677,4659.501995110968,4571.309528326533,4615.40576171875,244900,0.0,0
2004-11-18,4755.044197011658,4887.332907284007,4725.646705840025,4747.69482421875,609900,0.0,0
2004-11-19,4718.29717027559,4755.044032972441,4630.104699803149,4666.8515625,188200,0.0,0
2004-11-22,4556.611343926982,4571.310090197714,4512.515105114786,4541.91259765625,157300,0.0,0
2004-11-23,4541.91259765625,4541.91259765625,4541.91259765625,4541.91259765625,0,0.0,0
2004-11-24,4556.610113338045,4586.007597940226,4424.321432628231,4549.2607421875,411100,0.0,0
2004-11-25,4615.40628130008,4615.40628130008,4541.91255070613,4586.0087890625,155300,0.0,0
2004-11-26,4608.056178991523,4637.4536665767955,4556.610575717295,4578.65869140625,120000,0.0,0
2004-11-29,4556.6107977236425,4644.8032647763575,4556.6107977236425,4600.70703125,137000,0.0,0
2004-11-30,4541.911359261775,4593.356957182216,4497.815132472826,4563.95947265625,169500,0.0,0
2004-12-01,4497.815191540508,4541.911418908552,4475.767077856485,4490.4658203125,153900,0.0,0
2004-12-02,4637.453535824505,4725.64599609375,4600.706677378986,4725.64599609375,260800,0.0,0
2004-12-03,4740.3451440243325,4857.935101085401,4718.297027075382,4813.8388671875,367300,0.0,0
2004-12-06,4821.187737823439,4850.58522402968,4747.694022307839,4828.537109375,203000,0.0,0
2004-12-07,4835.887085913124,4850.585830855109,4710.94775390625,4710.94775390625,127100,0.0,0
2004-12-08,4637.453523195251,4755.043469900678,4578.658549842538,4740.3447265625,148700,0.0,0
2004-12-09,4740.3447265625,4755.043469900678,4666.851009871608,4740.3447265625,233300,0.0,0
2004-12-10,4740.345722273284,4740.345722273284,4497.81640625,4497.81640625,222300,0.0,0
2004-12-13,4571.31004294371,4615.40628130008,4556.61129682492,4586.0087890625,143000,0.0,0
2004-12-14,4586.008742559524,4630.10498046875,4512.515012710814,4630.10498046875,144600,0.0,0
2004-12-15,4659.502582532361,4791.791299386592,4659.502582532361,4755.04443359375,287400,0.0,0
2004-12-16,4725.646288601857,4732.995660745873,4615.405706441627,4674.20068359375,134000,0.0,0
2004-12-17,4644.803195017689,4747.694405033903,4630.104450729658,4674.20068359375,92600,0.0,0
2004-12-20,4710.9469673978365,4828.536907301683,4703.597596153846,4777.09130859375,243800,0.0,0
2004-12-21,4835.88741250707,4924.079888115101,4813.839293605062,4872.63427734375,381100,0.0,0
2004-12-22,4916.729912152522,5004.922376944496,4909.380540086525,4990.2236328125,380700,0.0,0
2004-12-23,4990.2236328125,4990.2236328125,4990.2236328125,4990.2236328125,0,0.0,0
2004-12-24,5019.620830391308,5078.4158035144865,4997.572715470117,5041.6689453125,208800,0.0,0
2004-12-27,4975.523646661413,5026.96923828125,4975.523646661413,5026.96923828125,117900,0.0,0
2004-12-28,4982.874674006713,5107.814009490657,4975.525301331187,5063.7177734375,117300,0.0,0
2004-12-29,5122.51296267111,5203.356065381844,5071.067351855187,5100.46484375,277400,0.0,0
2004-12-30,5107.81371368759,5144.560574937141,5085.765596937859,5115.1630859375,48500,0.0,0
2004-12-31,5115.1630859375,5115.1630859375,5115.1630859375,5115.1630859375,0,0.0,0
2005-01-03,5115.1630859375,5115.1630859375,5115.1630859375,5115.1630859375,0,0.0,0
2005-01-04,5041.668671140104,5129.861126028853,5012.271186177189,5078.41552734375,98700,0.0,0
2005-01-05,5071.066980952711,5071.066980952711,4982.87451171875,4982.87451171875,235200,0.0,0
2005-01-06,4953.476510951246,5034.319599408907,4931.428395917339,5012.271484375,338100,0.0,0
2005-01-07,5012.271186177189,5115.162383547395,4990.223072455002,5078.41552734375,155600,0.0,0
2005-01-10,5078.41552734375,5078.41552734375,5078.41552734375,5078.41552734375,0,0.0,0
2005-01-11,5085.765219120468,5269.49951171875,5085.765219120468,5269.49951171875,292600,0.0,0
2005-01-12,5254.801613136574,5254.801613136574,5100.464782540954,5159.259765625,255300,0.0,0
2005-01-13,5166.607982232498,5181.306724713956,5078.41552734375,5078.41552734375,100000,0.0,0
2005-01-14,5122.512321600035,5284.198506786836,5078.416089276362,5262.150390625,242300,0.0,0
2005-01-17,5298.896461476294,5416.486396821121,5298.896461476294,5328.2939453125,329700,0.0,0
2005-01-18,5342.992687230604,5350.342058189655,5269.498977640086,5328.2939453125,188700,0.0,0
2005-01-19,5291.5480885922325,5328.294950318568,5262.150599211165,5298.8974609375,121600,0.0,0
2005-01-20,5240.1025972406915,5240.1025972406915,5159.259499667553,5181.3076171875,107800,0.0,0
2005-01-21,5107.813139579665,5247.451196632923,5093.114396731954,5218.0537109375,168600,0.0,0
2005-01-24,5144.560683457168,5254.80126953125,5144.560683457168,5254.80126953125,84300,0.0,0
2005-01-25,5225.403852227394,5232.753224734043,5144.560754654256,5181.3076171875,82800,0.0,0
2005-01-26,5218.053948553973,5269.49955086366,5196.005833278393,5225.4033203125,80700,0.0,0
2005-01-27,5247.452014317329,5276.849504593616,5129.862053212179,5137.21142578125,209000,0.0,0
2005-01-28,5115.163995916194,5181.308357932351,5107.814622358843,5173.958984375,118700,0.0,0
2005-01-31,5122.51194405692,5159.258801618304,5026.970114397322,5144.56005859375,182000,0.0,0
2005-02-01,5078.415369880269,5122.511595957378,4960.825433674649,4968.1748046875,365900,0.0,0
2005-02-02,4997.573018602289,5026.970506947009,4938.778041912851,4975.52490234375,230600,0.0,0
2005-02-03,5026.970775570289,5026.970775570289,4931.428933344538,4953.47705078125,75800,0.0,0
2005-02-04,4960.826690719309,4960.826690719309,4872.6342162176325,4931.42919921875,108900,0.0,0
2005-02-07,4990.223539101958,5100.464118021736,4968.175423318002,5093.11474609375,156800,0.0,0
2005-02-08,5071.066670646835,5093.114786606168,5041.669182701055,5049.0185546875,167900,0.0,0
2005-02-09,4982.87334028167,5004.92145240681,4850.584667530829,4916.72900390625,419800,0.0,0
2005-02-10,4843.23583984375,4902.030812102855,4769.742124519869,4843.23583984375,546700,0.0,0
2005-02-11,4843.23583984375,4843.23583984375,4843.23583984375,4843.23583984375,0,0.0,0
2005-02-14,4916.729242216651,5019.620437121035,4902.030500087453,4924.07861328125,348700,0.0,0
2005-02-15,4946.127230158823,4968.175345597867,4902.030999280736,4909.38037109375,118700,0.0,0
2005-02-16,4865.284487760815,4879.98323243683,4769.742647366721,4799.14013671875,374100,0.0,0
2005-02-17,4762.393289170507,4784.44140625,4718.2970550115215,4784.44140625,194200,0.0,0
2005-02-18,4791.79075023855,4828.537611820134,4755.0438886569655,4813.8388671875,128700,0.0,0
2005-02-21,4828.537373674025,4828.537373674025,4784.441141950974,4806.4892578125,94400,0.0,0
2005-02-22,4799.140122554866,4894.681962666985,4799.140122554866,4813.8388671875,102100,0.0,0
2005-02-23,4784.441420544828,4813.838910071986,4762.393303399461,4769.74267578125,80000,0.0,0
2005-02-24,4769.742465759657,4813.838698108744,4718.296861352387,4732.99560546875,144600,0.0,0
2005-02-25,4740.345687276614,4784.4419262280235,4732.996314118045,4755.04443359375,79900,0.0,0
2005-02-28,4784.441141950974,4843.236117581709,4777.091769997133,4806.4892578125,77000,0.0,0
2005-03-01,4872.63427734375,4887.333023278422,4835.88741250707,4872.63427734375,112600,0.0,0
2005-03-02,4887.333133473116,5012.2724767348345,4850.586267807904,4997.57373046875,249200,0.0,0
2005-03-03,5034.320209814244,5144.560798350322,5026.970837245172,5137.21142578125,502000,0.0,0
2005-03-04,5151.909602727233,5254.800807346606,5071.066513383438,5225.4033203125,338900,0.0,0
2005-03-07,5298.897850449608,5350.343460648148,5159.259765625,5159.259765625,252900,0.0,0
2005-03-08,5188.655988297778,5210.7041015625,5137.210390680095,5210.7041015625,115600,0.0,0
2005-03-09,5159.258278649521,5218.053244787978,5151.908907882214,5188.65576171875,53500,0.0,0
2005-03-10,5210.703644536807,5247.450496754978,5159.258051431366,5166.607421875,122800,0.0,0
2005-03-11,5247.452292168156,5379.741005416094,5225.4041732935,5342.994140625,384400,0.0,0
2005-03-14,5416.487808248299,5475.282791241497,5387.090316751701,5401.7890625,222300,0.0,0
2005-03-15,5409.138242616758,5416.48761522901,5313.596398657495,5350.34326171875,108200,0.0,0
2005-03-16,5291.548004774898,5387.08984375,5269.499888088336,5387.08984375,153300,0.0,0
2005-03-17,5313.594976113443,5342.992458692218,5284.19749353467,5306.24560546875,111000,0.0,0
2005-03-18,5247.452045147236,5379.740752167754,5247.452045147236,5350.34326171875,143400,0.0,0
2005-03-21,5350.34326171875,5350.34326171875,5350.34326171875,5350.34326171875,0,0.0,0
2005-03-22,5357.6926343310015,5401.788870004508,5320.945771269746,5350.34326171875,151700,0.0,0
2005-03-23,5291.547425176056,5320.944910871479,5159.258739546655,5218.0537109375,223700,0.0,0
2005-03-24,5203.354813961331,5210.704185167491,5107.81298828125,5107.81298828125,132000,0.0,0
2005-03-25,5129.862335644812,5137.211708618515,5041.669859960374,5100.46484375,153400,0.0,0
2005-03-28,5045.143842399964,5207.41455078125,5045.143842399964,5207.41455078125,99900,25.0,0
2005-03-29,5185.288472285584,5185.288472285584,5000.889877965329,5052.521484375,108700,0.0,0
2005-03-30,4978.7617076526985,5052.5211403586645,4868.12255859375,4868.12255859375,310700,0.0,0
2005-03-31,4941.881936060549,5008.2654247539,4927.13004968425,4964.009765625,200800,0.0,0
2005-04-01,5000.890518851902,5104.153744904891,4956.634850543478,5089.40185546875,155600,0.0,0
2005-04-04,5030.392896914235,5037.7688395783325,4978.7612982655555,4993.51318359375,106800,0.0,0
2005-04-05,4978.760776858358,5052.520195774779,4934.505125508506,4986.13671875,136500,0.0,0
2005-04-06,5015.640486316568,5059.89613766642,4949.25700929179,4986.13671875,84900,0.0,0
2005-04-07,5000.8897144990815,5059.897262752757,4964.009996840533,5015.6416015625,69200,0.0,0
2005-04-08,5023.015732079221,5096.775140773483,5015.6397912097955,5045.1435546875,75700,0.0,0
2005-04-11,5045.1435546875,5067.271377295779,5015.6397912097955,5045.1435546875,74000,0.0,0
2005-04-12,5023.016954250138,5052.520724906527,4986.137240929653,4993.51318359375,141900,0.0,0
2005-04-13,4986.136473514574,4993.512415043442,4919.7529997547645,4934.5048828125,100800,0.0,0
2005-04-14,4875.497453962053,4905.001220703125,4816.48992047991,4853.36962890625,140000,0.0,0
2005-04-15,4794.36251916618,4823.866288514895,4698.475268782857,4735.35498046875,226100,0.0,0
2005-04-18,4587.836781325849,4609.964611460861,4543.581121055825,4558.3330078125,243200,0.0,0
2005-04-19,4595.212724704187,4639.468384974211,4550.957064434162,4558.3330078125,264400,0.0,0
2005-04-20,4609.963480631511,4609.963480631511,4410.81305826823,4425.56494140625,384300,0.0,0
2005-04-21,4351.805560848577,4550.955984819614,4322.30179433435,4536.2041015625,417800,0.0,0
2005-04-22,4602.587441314554,4713.2265625,4580.459617077465,4713.2265625,277500,0.0,0
2005-04-25,4646.844693162154,4646.844693162154,4521.4536458863495,4528.82958984375,254700,0.0,0
2005-04-26,4521.4537107789665,4558.333431095271,4499.325878589184,4543.58154296875,195600,0.0,0
2005-04-27,4440.317450719163,4521.452819420012,4440.317450719163,4455.0693359375,250600,0.0,0
2005-04-28,4462.445278546667,4499.324991592508,4432.941508109996,4455.0693359375,249700,0.0,0
2005-04-29,4455.0693359375,4455.0693359375,4455.0693359375,4455.0693359375,0,0.0,0
2005-05-02,4455.069589483878,4455.069589483878,4373.934216165463,4403.43798828125,162200,0.0,0
2005-05-03,4403.43798828125,4403.43798828125,4403.43798828125,4403.43798828125,0,0.0,0
2005-05-04,4403.43798828125,4403.43798828125,4403.43798828125,4403.43798828125,0,0.0,0
2005-05-05,4403.43798828125,4403.43798828125,4403.43798828125,4403.43798828125,0,0.0,0
2005-05-06,4396.062301377118,4425.566075211865,4329.678810248941,4351.806640625,467000,0.0,0
2005-05-09,4381.309152487941,4396.06103515625,4351.805387151321,4396.06103515625,179900,0.0,0
2005-05-10,4403.436976490405,4440.316683161179,4381.309152487941,4396.06103515625,136900,0.0,0
2005-05-11,4337.054130892705,4344.430073292182,4292.79847649584,4322.30224609375,152300,0.0,0
2005-05-12,4337.055504931389,4344.431449667667,4285.423891777444,4300.17578125,119000,0.0,0
2005-05-13,4285.422509509085,4292.798451866243,4211.6630859375,4211.6630859375,162200,0.0,0
2005-05-16,4233.791370271381,4270.671086040295,4182.159768194901,4204.28759765625,188600,0.0,0
2005-05-17,4219.039219101915,4248.5429898648645,4064.1444225964246,4093.648193359375,159900,0.0,0
2005-05-18,4115.775946916853,4145.279717145648,4078.8962341308597,4130.52783203125,194600,0.0,0
2005-05-19,4204.287346322573,4278.046773451039,4182.159518184034,4255.9189453125,206100,0.0,0
2005-05-20,4285.422904001155,4285.422904001155,4182.159701495103,4189.53564453125,147100,0.0,0
2005-05-23,4233.791350064213,4314.926724368579,4189.535691352739,4307.55078125,167500,0.0,0
2005-05-24,4351.806015691659,4410.813554887479,4322.30224609375,4322.30224609375,313500,0.0,0
2005-05-25,4396.062931778929,4403.438876295337,4270.671875,4270.671875,183100,0.0,0
2005-05-26,4241.167245784276,4285.422904001155,4182.159701495103,4189.53564453125,141300,0.0,0
2005-05-27,4211.66347363969,4278.046960965009,4182.159701495103,4189.53564453125,120100,0.0,0
2005-05-30,4204.287530603543,4241.167245784276,4167.40781542281,4189.53564453125,348800,0.0,0
2005-05-31,4196.910136953662,4292.79736328125,4160.030434519975,4292.79736328125,254800,0.0,0
2005-06-01,4241.1669921875,4285.422647758152,4211.663221807065,4241.1669921875,193200,0.0,0
2005-06-02,4248.5435883620685,4278.04736328125,4226.415757172683,4278.04736328125,189200,0.0,0
2005-06-03,4351.8062005795055,4351.8062005795055,4241.167059886807,4255.9189453125,168600,0.0,0
2005-06-06,4263.295074892715,4263.295074892715,4182.159701495103,4189.53564453125,126100,0.0,0
2005-06-07,4196.910712031531,4204.28665352895,4086.2715895702427,4108.3994140625,206900,0.0,0
2005-06-08,4115.775980740307,4167.407579065007,4115.775980740307,4137.90380859375,227500,0.0,0
2005-06-09,4174.783562957488,4196.911391029702,4086.2722506686373,4093.648193359375,193900,0.0,0
2005-06-10,4101.024027979652,4145.279682957849,4101.024027979652,4123.15185546875,181400,0.0,0
2005-06-13,4115.776021431588,4145.2797921945385,4078.8963079778996,4093.648193359375,143500,0.0,0
2005-06-14,4093.648311390596,4101.024254294002,4012.512939453125,4012.512939453125,154200,0.0,0
2005-06-15,4005.1368880445943,4042.0166015625,3968.2571745266882,4042.0166015625,390900,0.0,0
2005-06-16,4064.1442142184687,4137.903637344031,4056.7682719059126,4101.02392578125,225200,0.0,0
2005-06-17,4137.903740461483,4137.903740461483,4101.024027979652,4123.15185546875,122700,0.0,0
2005-06-20,4196.91143693231,4278.04680741782,4182.159551389489,4263.294921875,497900,0.0,0
2005-06-21,4255.920112832332,4366.559283876501,4226.416333887221,4300.17578125,320200,0.0,0
2005-06-22,4292.798590353261,4292.798590353261,4219.039164402174,4241.1669921875,140900,0.0,0
2005-06-23,4292.798555912456,4292.798555912456,4204.287245481271,4233.791015625,78700,0.0,0
2005-06-24,4160.03173828125,4174.783623877992,4123.152024289395,4160.03173828125,271900,0.0,0
2005-06-27,4137.9039943529215,4160.031823199728,4049.392678965693,4071.5205078125,243400,0.0,0
2005-06-28,4101.024049978223,4233.791015625,4093.648107442291,4233.791015625,149600,0.0,0
2005-06-29,4292.797856478083,4396.06103515625,4263.294091141464,4396.06103515625,493000,0.0,0
2005-06-30,4403.438244835805,4432.942018670551,4351.806640625,4351.806640625,281100,0.0,0
2005-07-01,4359.182196425748,4410.813796045004,4337.054368017496,4373.93408203125,102700,0.0,0
2005-07-04,4418.189874339144,4418.189874339144,4388.686102223356,4403.43798828125,116800,0.0,0
2005-07-05,4410.814952294168,4418.190897030446,4278.0479470411665,4300.17578125,161600,0.0,0
2005-07-06,4314.926948547363,4351.806666056315,4241.16751352946,4248.54345703125,141300,0.0,0
2005-07-07,4241.166924015598,4270.670693921793,4196.911269156305,4226.4150390625,80400,0.0,0
2005-07-08,4204.287921736725,4241.167640348452,4167.408203125,4167.408203125,101500,0.0,0
2005-07-11,4241.167313425164,4263.295142886513,4182.159768194901,4204.28759765625,114700,0.0,0
2005-07-12,4219.039416675836,4226.415359711983,4130.528100242077,4189.53564453125,233500,0.0,0
2005-07-13,4182.159701495103,4196.911587567396,4152.655929350517,4189.53564453125,81600,0.0,0
2005-07-14,4182.1600905696905,4189.536034292036,4145.280371957964,4167.408203125,247400,0.0,0
2005-07-15,4226.415757172683,4292.799250740841,4211.663869713093,4278.04736328125,287800,0.0,0
2005-07-18,4278.04736328125,4278.04736328125,4278.04736328125,4278.04736328125,0,0.0,0
2005-07-19,4248.542658730159,4255.91860084601,4174.783237571649,4182.1591796875,184300,0.0,0
2005-07-20,4204.287346322573,4263.294888025346,4174.783575471187,4255.9189453125,136300,0.0,0
2005-07-21,4263.295142886513,4263.295142886513,4204.28759765625,4204.28759765625,89600,0.0,0
2005-07-22,4204.2872921540775,4204.2872921540775,4137.90380859375,4137.90380859375,130400,0.0,0
2005-07-25,4359.18212890625,4381.309956971764,4285.422702021204,4359.18212890625,558600,0.0,0
2005-07-26,4351.805387151321,4455.068565829489,4337.053504483012,4396.06103515625,363800,0.0,0
2005-07-27,4432.9413033679975,4455.069130173495,4403.437534294,4410.8134765625,164200,0.0,0
2005-07-28,4418.189315257353,4425.565257352941,4359.181778492647,4388.685546875,147400,0.0,0
2005-07-29,4447.6930437589945,4484.57275390625,4359.1817394055815,4484.57275390625,294200,0.0,0
2005-08-01,4536.205089750744,4676.348011222718,4499.325373573909,4646.84423828125,663100,0.0,0
2005-08-02,4720.6036706349205,4750.1074435763885,4646.84423828125,4646.84423828125,578800,0.0,0
2005-08-03,4676.347276911116,4683.7232189882625,4595.2119140625,4595.2119140625,188800,0.0,0
2005-08-04,4587.8355507109245,4595.211492110781,4469.820488313216,4506.7001953125,207600,0.0,0
2005-08-05,4469.822038184548,4587.837141502951,4440.3182623549465,4528.82958984375,240200,0.0,0
2005-08-08,4455.068985788445,4514.076522024054,4425.565217670642,4484.57275390625,194100,0.0,0
2005-08-09,4462.446158272879,4558.333431095271,4462.446158272879,4543.58154296875,135100,0.0,0
2005-08-10,4691.0989454903265,4875.497488945135,4668.971120275749,4860.74560546875,689400,0.0,0
2005-08-11,4868.1225918352875,4912.3782517610625,4786.987215304699,4875.49853515625,422700,0.0,0
2005-08-12,4941.882486979167,5052.521647135417,4912.3787109375,4978.76220703125,531200,0.0,0
2005-08-15,5015.641927083333,5045.145703125,4927.130598958333,4978.76220703125,196900,0.0,0
2005-08-16,4993.51333512931,4993.51333512931,4823.866648706896,4919.75390625,287400,0.0,0
2005-08-17,4905.000737508138,5023.01579284668,4897.624796549479,4956.63232421875,223400,0.0,0
2005-08-18,5015.641011586042,5015.641011586042,4964.009412937361,4993.51318359375,176900,0.0,0
2005-08-19,5015.640239630045,5023.016181158912,4912.377058225897,4934.5048828125,113800,0.0,0
2005-08-22,4905.001938023518,5045.144850538476,4897.625995259573,5008.26513671875,284000,0.0,0
2005-08-23,5096.777147011861,5207.416303604015,5037.76959682938,5052.521484375,575200,0.0,0
2005-08-24,5037.768907774531,5089.400507122147,4993.51325119086,5008.26513671875,252000,0.0,0
2005-08-25,4993.513300898554,4993.513300898554,4890.250101175394,4912.3779296875,193900,0.0,0
2005-08-26,4912.3779296875,4964.00952954908,4860.746329825919,4912.3779296875,144800,0.0,0
2005-08-29,4838.618841769706,4905.0023319769125,4757.483464849787,4772.2353515625,403500,0.0,0
2005-08-30,4845.994674614599,4978.7616520013,4831.242788238299,4964.009765625,303200,0.0,0
2005-08-31,4890.2505213726,4927.13023872835,4845.994860545698,4897.62646484375,158200,0.0,0
2005-09-01,4956.633552631579,5023.017037711466,4882.874124765038,4905.001953125,162400,0.0,0
2005-09-02,4912.377197636097,4934.505022850673,4845.993721992365,4860.74560546875,155800,0.0,0
2005-09-05,4868.122390863549,4882.874276896469,4801.73890371541,4831.24267578125,232700,0.0,0
2005-09-06,4905.0024083149,4949.258069141802,4875.498634430299,4897.62646484375,170300,0.0,0
2005-09-07,4971.385798328763,4971.385798328763,4831.242875230474,4875.49853515625,179700,0.0,0
2005-09-08,4875.497884875146,4882.8738272123255,4698.475268782857,4735.35498046875,381900,0.0,0
2005-09-09,4691.099974642581,4801.739124987925,4661.596201217156,4772.2353515625,539900,0.0,0
2005-09-12,4868.122424614138,4890.25025381693,4809.114880073361,4838.61865234375,247300,0.0,0
2005-09-13,4845.9947618724,4941.882025044913,4809.1150452675865,4875.49853515625,204800,0.0,0
2005-09-14,4823.866072716346,4853.369840745192,4735.354768629808,4794.3623046875,237900,0.0,0
2005-09-15,4794.36296069895,4845.99456181417,4742.73135958373,4831.24267578125,315700,0.0,0
2005-09-16,4845.99472878196,4890.2503884055395,4786.9871826171875,4868.12255859375,185000,0.0,0
2005-09-19,4868.12255859375,4868.12255859375,4868.12255859375,4868.12255859375,0,0.0,0
2005-09-20,4890.249642930892,5052.520370147302,4890.249642930892,5023.0166015625,299900,0.0,0
2005-09-21,5096.776586663846,5104.152529625732,4949.2577274261075,5037.76904296875,387900,0.0,0
2005-09-22,4993.512415043442,5008.264298101178,4905.001116697029,4934.5048828125,210200,0.0,0
2005-09-23,4934.5048828125,4934.5048828125,4934.5048828125,4934.5048828125,0,0.0,0
2005-09-26,4971.385720896166,5082.024868987327,4971.385720896166,5074.64892578125,216600,0.0,0
2005-09-27,5089.401036879596,5089.401036879596,5015.6416015625,5015.6416015625,159000,0.0,0
2005-09-28,5000.889526544358,5082.02490234375,4956.633867017417,5082.02490234375,312900,0.0,0
2005-09-29,5126.280224471442,5236.919366006798,5074.648625088277,5222.16748046875,340800,0.0,0
2005-09-30,5369.686537895356,5568.8370001524645,5332.806822662558,5480.32568359375,781000,0.0,0
2005-10-03,5495.076772054036,5502.452714029948,5259.04662882487,5310.67822265625,388300,0.0,0
2005-10-04,5340.183204199621,5421.318584373926,5303.303485938574,5362.31103515625,194800,0.0,0
2005-10-05,5340.18228515625,5340.18228515625,5141.031840820313,5163.15966796875,363400,0.0,0
2005-10-06,5096.777800186821,5118.905634341032,5015.642408288043,5089.40185546875,233300,0.0,0
2005-10-07,5023.016772389759,5089.400253963192,5000.888945198615,5059.896484375,219900,0.0,0
2005-10-10,5059.896484375,5059.896484375,5059.896484375,5059.896484375,0,0.0,0
2005-10-11,5067.27318069502,5148.408559134095,5059.897237200558,5118.90478515625,319800,0.0,0
2005-10-12,5163.159004046763,5222.166535521583,5104.151472571943,5126.279296875,300700,0.0,0
2005-10-13,5104.152775930851,5207.415982380319,5052.521172706117,5200.0400390625,147400,0.0,0
2005-10-14,5229.543711605235,5236.9196547809825,5163.160223023504,5177.912109375,223000,0.0,0
2005-10-17,5222.167441579093,5229.543384293188,5000.88916015625,5000.88916015625,241700,0.0,0
2005-10-18,4964.008648927971,4978.760531985707,4890.249233639294,4934.5048828125,321800,0.0,0
2005-10-19,4875.4985018643465,4934.5060480291195,4816.4909556995735,4868.12255859375,235000,0.0,0
2005-10-20,4875.498558551488,4890.2504452642,4764.859408206144,4772.2353515625,350900,0.0,0
2005-10-21,4720.603748068006,4772.2353515625,4668.972144573512,4772.2353515625,240400,0.0,0
2005-10-24,4823.866631817964,4882.87417471482,4786.986917507429,4809.11474609375,212500,0.0,0
2005-10-25,4845.994426393289,4927.129797307028,4786.98688391057,4801.73876953125,326000,0.0,0
2005-10-26,4838.618453148012,5023.01702224664,4779.6109110364505,5008.26513671875,331400,0.0,0
2005-10-27,5148.409413213315,5177.913192085598,5037.770242442255,5089.40185546875,598100,0.0,0
2005-10-28,5023.017323338708,5082.024868987327,4986.137607308321,5074.64892578125,249000,0.0,0
2005-10-31,5148.408135775861,5207.41567887931,5111.5284213362065,5133.65625,268200,0.0,0
2005-11-01,5177.910679954214,5185.28662109375,5126.279091977463,5185.28662109375,175800,0.0,0
2005-11-02,5185.288218540046,5295.927369717999,5148.408501480729,5214.7919921875,273200,0.0,0
2005-11-03,5214.7919921875,5214.7919921875,5214.7919921875,5214.7919921875,0,0.0,0
2005-11-04,5303.302802097781,5377.062229108877,5251.671203190013,5318.0546875,361800,0.0,0
2005-11-07,5332.806180132114,5480.325023289296,5332.806180132114,5443.4453125,320600,0.0,0
2005-11-08,5487.7026755136985,5502.45456442637,5384.439453125,5384.439453125,217300,0.0,0
2005-11-09,5310.679209183673,5428.694302721088,5236.919775722789,5421.318359375,270700,0.0,0
2005-11-10,5347.558036582598,5406.565573537992,5244.294846910659,5332.80615234375,296900,0.0,0
2005-11-11,5384.437893161526,5716.3552975344965,5332.806296925731,5679.4755859375,680800,0.0,0
2005-11-14,5863.874092054188,5922.881630087437,5804.866554020938,5878.6259765625,855400,0.0,0
2005-11-15,5731.107590463155,5790.115133222106,5694.2278762388105,5767.9873046875,320100,0.0,0
2005-11-16,5708.979355215097,5716.3552975344965,5576.2123934659085,5679.4755859375,287800,0.0,0
2005-11-17,5753.235322555693,5959.761718749999,5745.859379834467,5959.76171875,334200,0.0,0
2005-11-18,6107.280455872253,6210.543651986035,6018.769144917583,6040.89697265625,547000,0.0,0
2005-11-21,6099.903167611442,6099.903167611442,5945.0084076116345,5967.13623046875,162900,0.0,0
2005-11-22,6107.2816726739,6232.672721508993,6070.401952428285,6203.1689453125,455100,0.0,0
2005-11-23,6203.1689453125,6203.1689453125,6203.1689453125,6203.1689453125,0,0.0,0
2005-11-24,6262.175132953689,6291.678902720256,6107.280341679217,6122.0322265625,355300,0.0,0
2005-11-25,6092.529784575654,6217.920833410747,6018.770344084423,6203.1689453125,198800,0.0,0
2005-11-28,6225.296262792398,6439.198622532896,6136.784941520468,6306.431640625,394400,0.0,0
2005-11-29,6313.806185419058,6564.588206802526,6284.302418197473,6424.4453125,325700,0.0,0
2005-11-30,6431.822543331375,6476.078203033197,6276.927734375,6276.927734375,232600,0.0,0
2005-12-01,6203.166922923689,6321.181989233771,6158.911273057408,6291.67822265625,360200,0.0,0
2005-12-02,6439.198257033889,6549.83740234375,6365.438826827315,6549.83740234375,442200,0.0,0
2005-12-05,6697.357004238697,6992.394757729388,6675.229172726896,6933.38720703125,522100,0.0,0
2005-12-06,6926.010180233859,6985.0177217055,6689.980014347295,6697.35595703125,403400,0.0,0
2005-12-07,6719.482909628378,6948.137103040541,6719.482909628378,6822.74609375,273100,0.0,0
2005-12-08,6748.987005490106,6763.738889655111,6350.686133034952,6476.0771484375,423400,0.0,0
2005-12-09,6343.309414628623,6623.595179461051,6343.309414628623,6616.21923828125,450100,0.0,0
2005-12-12,6748.986436573732,6926.0090316314045,6734.23455365226,6874.37744140625,241400,0.0,0
2005-12-13,6948.137384445337,6985.017094553858,6807.994486032958,6881.75390625,191100,0.0,0
2005-12-14,6911.257743566177,6933.385569852941,6719.483249080883,6896.505859375,199000,0.0,0
2005-12-15,6719.483785083115,6896.506409498039,6660.476243611474,6697.35595703125,227900,0.0,0
2005-12-16,6564.5902345951945,6660.477507684786,6505.582681924676,6542.46240234375,294700,0.0,0
2005-12-19,6549.83740234375,6571.965231405722,6461.326086095861,6549.83740234375,165100,0.0,0
2005-12-20,6535.084499461786,6867.001883745963,6468.7010226049515,6852.25,254000,0.0,0
2005-12-21,6970.265748211157,7213.671853704245,6933.3860352576585,7103.03271484375,658300,0.0,0
2005-12-22,7250.5515880623725,7287.431301124745,7007.145481850716,7213.671875,400500,0.0,0
2005-12-23,7213.671875,7213.671875,7213.671875,7213.671875,0,0.0,0
2005-12-26,7221.047559278028,7471.82959913038,7169.4159628378375,7368.56640625,355200,0.0,0
2005-12-27,7375.944406186676,7442.327905842357,7257.92929568769,7280.05712890625,224100,0.0,0
2005-12-28,7250.551974231978,7449.702435375685,7250.551974231978,7405.44677734375,187800,0.0,0
2005-12-29,7479.20691369224,7781.620605468751,7375.943701866115,7781.62060546875,369300,0.0,0
2005-12-30,7766.8662109375,7774.242152258428,7567.715795272436,7766.8662109375,183900,0.0,0
2006-01-02,7766.8662109375,7766.8662109375,7766.8662109375,7766.8662109375,0,0.0,0
2006-01-03,7766.8662109375,7766.8662109375,7766.8662109375,7766.8662109375,0,0.0,0
2006-01-04,7811.123518318965,7811.123518318965,7619.349003232758,7700.484375,207900,0.0,0
2006-01-05,7744.73876953125,7744.73876953125,7434.94921875,7434.94921875,384100,0.0,0
2006-01-06,7434.950333213257,7744.739930430475,7434.950333213257,7678.3564453125,452100,0.0,0
2006-01-09,7678.3564453125,7678.3564453125,7678.3564453125,7678.3564453125,0,0.0,0
2006-01-10,7715.235862866834,7715.235862866834,7449.701932596083,7508.70947265625,250900,0.0,0
2006-01-11,7383.31734765625,7427.57299609375,7265.302285156249,7375.94140625,263200,0.0,0
2006-01-12,7449.701932596083,7523.461357671292,7361.190622505833,7508.70947265625,168500,0.0,0
2006-01-13,7552.96451914099,7929.137556715395,7523.460751488095,7899.6337890625,520100,0.0,0
2006-01-16,7818.4985696718895,7884.882048093632,7685.731612828405,7825.87451171875,267800,0.0,0
2006-01-17,7530.838288669468,7678.357158183072,7125.161397507058,7184.1689453125,547200,0.0,0
2006-01-18,6911.258432390466,6933.386260882644,6446.574034054714,6512.95751953125,584800,0.0,0
2006-01-19,6439.198271387043,6859.627024501661,6439.198271387043,6660.4765625,675100,0.0,0
2006-01-20,6807.994578356086,6859.626173208191,6431.821530147895,6483.453125,520800,0.0,0
2006-01-23,6195.791766826923,6461.325699690934,6018.769144917583,6040.89697265625,526900,0.0,0
2006-01-24,6262.175145745416,6535.085016643626,6262.175145745416,6335.9345703125,436900,0.0,0
2006-01-25,6483.453305158944,6616.220267039333,6372.814170258621,6417.06982421875,460700,0.0,0
2006-01-26,6675.228886425047,6889.131248531485,6601.46945121593,6867.00341796875,509400,0.0,0
2006-01-27,7080.9057539682535,7221.048680348876,6962.890658068783,6970.2666015625,447300,0.0,0
2006-01-30,7228.422631521593,7228.422631521593,6874.37744140625,6874.37744140625,281600,0.0,0
2006-01-31,6903.881144800365,7095.65562104482,6903.881144800365,7066.15185546875,165300,0.0,0
2006-02-01,6918.634787819602,7014.5220503373575,6793.24375221946,6815.37158203125,230000,0.0,0
2006-02-02,6889.13017556756,6918.633945056073,6719.483501008616,6741.611328125,158000,0.0,0
2006-02-03,6689.979832972669,6837.498682652331,6616.220408132838,6763.7392578125,238100,0.0,0
2006-02-06,6748.987725582729,6822.747154277622,6660.476411148857,6734.23583984375,211500,0.0,0
2006-02-07,6822.747860618085,6999.7705078125,6793.244086085682,6999.7705078125,311200,0.0,0
2006-02-08,7007.1459556284535,7007.1459556284535,6675.228515625,6675.228515625,380900,0.0,0
2006-02-09,6748.988211495535,6756.364154896077,6195.792456454918,6299.0556640625,975300,0.0,0
2006-02-10,6269.55126953125,6328.5588108915435,6122.032416130514,6269.55126953125,552500,0.0,0
2006-02-13,6299.0549532733385,6299.0549532733385,5701.603605246242,5826.99462890625,633400,0.0,0
2006-02-14,5893.378316754672,6026.145287595203,5620.468432249137,5871.25048828125,538000,0.0,0
2006-02-15,6018.768994513359,6026.144936908596,5782.738837865776,5797.49072265625,290200,0.0,0
2006-02-16,5804.866492902729,5930.257509903169,5731.107071137764,5760.61083984375,276800,0.0,0
2006-02-17,5753.2356114541335,5812.243156186996,5413.942229240171,5487.70166015625,432600,0.0,0
2006-02-20,5517.204664147418,5590.9640847911005,5377.061764924422,5428.693359375,444800,0.0,0
2006-02-21,5694.228226924004,5790.115489812621,5539.333417642392,5738.48388671875,757800,0.0,0
2006-02-22,5745.859840498896,5878.626820125315,5731.107953873739,5849.123046875,372300,0.0,0
2006-02-23,5974.513771618914,6321.183089231369,5908.130285267593,6210.5439453125,714100,0.0,0
2006-02-24,6122.031979213336,6173.66357421875,5952.385309909834,6173.66357421875,315700,0.0,0
2006-02-27,6188.416065871859,6247.423608812235,6092.52880859375,6092.52880859375,246700,0.0,0
2006-02-28,6092.529050305115,6092.529050305115,5849.122926019318,5930.25830078125,404600,0.0,0
2006-03-01,5716.356056821377,5790.115489812621,5679.476340325756,5738.48388671875,284100,0.0,0
2006-03-02,5878.6260992653015,5952.385523346422,5635.219999797604,5694.2275390625,188800,0.0,0
2006-03-03,5620.4684465263945,5657.348160742447,5539.333075251079,5554.0849609375,283300,0.0,0
2006-03-06,5605.715747070312,5952.385010375977,5583.58792175293,5900.75341796875,302200,0.0,0
2006-03-07,5856.498046875,5886.001815373111,5701.603262259918,5856.498046875,436800,0.0,0
2006-03-08,5635.22036637931,5694.227909482758,5509.829337284482,5561.4609375,496700,0.0,0
2006-03-09,5627.843939921188,5945.009456849906,5627.843939921188,5878.6259765625,416200,0.0,0
2006-03-10,5959.761986825981,6070.4011326210175,5930.258214613971,6018.76953125,411100,0.0,0
2006-03-13,6195.791321154403,6439.197408771183,6166.28755295843,6365.43798828125,724800,0.0,0
2006-03-14,6453.950128194802,6490.829843213058,6409.694470172894,6439.1982421875,682800,0.0,0
2006-03-15,6446.573593525503,6453.949535852192,6365.4382279319325,6417.06982421875,246700,0.0,0
2006-03-16,6387.565896384035,6402.317780671296,6070.400384207922,6173.66357421875,332400,0.0,0
2006-03-17,6158.9119844658435,6365.438374364099,6136.784156976744,6343.310546875,251200,0.0,0
2006-03-20,6313.807309503424,6476.078058112157,6306.431366384846,6461.326171875,209500,0.0,0
2006-03-21,6461.326171875,6461.326171875,6461.326171875,6461.326171875,0,0.0,0
2006-03-22,6387.566960910499,6446.574507893505,6306.431583808864,6402.31884765625,154400,0.0,0
2006-03-23,6476.078339729533,6476.078339729533,6291.679753746345,6306.431640625,158800,0.0,0
2006-03-24,6321.181989233771,6380.189522388811,6276.92633936749,6291.67822265625,166800,0.0,0
2006-03-27,6217.91947830384,6254.799190512048,6114.656284120858,6122.0322265625,176000,0.0,0
2006-03-28,6173.976869785459,6292.7071942044095,6173.976869785459,6225.92138671875,147200,50.0,0
2006-03-29,6211.0810849251,6515.3275896824825,6196.239792010106,6470.8037109375,189500,0.0,0
2006-03-30,6530.167841895297,6752.787200141727,6478.22332497113,6626.63623046875,545100,0.0,0
2006-03-31,6589.533203125,6619.215785121058,6500.485457136824,6589.533203125,151500,0.0,0
2006-04-03,6574.6923828125,6596.954320903287,6485.644630449351,6574.6923828125,319500,0.0,0
2006-04-04,6634.057381503143,6849.256110880761,6589.533506459497,6641.47802734375,328000,0.0,0
2006-04-05,6715.683602072976,6775.0487609863285,6515.326190740412,6530.16748046875,177600,0.0,0
2006-04-06,6515.326152923444,6641.477114882099,6433.699059891374,6500.48486328125,305500,0.0,0
2006-04-07,6574.692181143028,6619.216055958895,6478.223785708649,6611.79541015625,147600,0.0,0
2006-04-10,6537.58787118263,6574.691094061078,6470.802070001422,6522.74658203125,143900,0.0,0
2006-04-11,6448.541148533332,6448.541148533332,6263.025005019715,6352.07275390625,264300,0.0,0
2006-04-12,6240.762622627176,6277.865848683224,6173.976815726291,6181.3974609375,284600,0.0,0
2006-04-13,6129.453833393453,6173.977711117861,6062.668016806842,6107.19189453125,362600,0.0,0
2006-04-14,6107.191336752301,6114.611982361964,5943.937133339724,6047.826171875,270100,0.0,0
2006-04-17,6018.143009996118,6099.770103843168,5899.412691673137,5973.619140625,237800,0.0,0
2006-04-18,5899.412673057091,6010.72234613364,5877.150738441781,5958.77783203125,281500,0.0,0
2006-04-19,6136.874348353275,6136.874348353275,5973.620133524047,5988.46142578125,239400,0.0,0
2006-04-20,6010.722413354991,6018.14305830975,5810.364999576491,5817.78564453125,352300,0.0,0
2006-04-21,5780.682859702688,5802.944796261235,5550.642848597703,5572.90478515625,483900,0.0,0
2006-04-24,5498.697798665365,5580.3248914930555,5342.8642578125,5342.8642578125,600900,0.0,0
2006-04-25,5402.230442880795,5610.008536837749,5379.96850424255,5602.587890625,460600,0.0,0
2006-04-26,5602.58725962555,5602.58725962555,5342.864671430988,5483.85693359375,469000,0.0,0
2006-04-27,5565.483633125417,5580.324922813752,5461.594605307076,5558.06298828125,201500,0.0,0
2006-04-28,5602.587185258287,5661.952347486189,5506.118796637946,5624.84912109375,258600,0.0,0
2006-05-01,5632.270665785845,5632.270665785845,5528.381615297042,5550.6435546875,226700,0.0,0
2006-05-02,5543.222352063978,5558.0636435019005,5469.0158948743665,5491.27783203125,166600,0.0,0
2006-05-03,5491.27783203125,5491.27783203125,5491.27783203125,5491.27783203125,0,0.0,0
2006-05-04,5491.27783203125,5491.27783203125,5491.27783203125,5491.27783203125,0,0.0,0
2006-05-05,5491.27783203125,5491.27783203125,5491.27783203125,5491.27783203125,0,0.0,0
2006-05-08,5543.222623391234,5558.063915555602,5431.912932158479,5513.5400390625,289500,0.0,0
2006-05-09,5550.643426613729,5572.905365490522,5402.230500768443,5431.9130859375,266000,0.0,0
2006-05-10,5409.650371791295,5409.650371791295,5179.61036969866,5194.45166015625,555200,0.0,0
2006-05-11,5216.714207915145,5238.976146213503,5031.198055428832,5083.142578125,344100,0.0,0
2006-05-12,4934.72876365209,5135.0861721011215,4905.046184622603,5127.66552734375,401400,0.0,0
2006-05-15,4905.045825699437,5068.299998415606,4905.045825699437,5031.19677734375,238600,0.0,0
2006-05-16,5023.776972348672,5031.197617802658,4697.2685723732775,4712.10986328125,452200,0.0,0
2006-05-17,4860.523135338301,4934.729595419802,4712.110215175299,4808.57861328125,745900,0.0,0
2006-05-18,4585.958991921851,4808.578360461746,4489.490598887896,4801.15771484375,795500,0.0,0
2006-05-19,4801.157800311549,4912.467486562976,4712.1100513104075,4875.3642578125,926700,0.0,0
2006-05-22,5008.934976452979,5053.458842910339,4704.6885556610205,4764.0537109375,646400,0.0,0
2006-05-23,4689.848440069902,4719.531025133635,4504.332283421567,4511.7529296875,659500,0.0,0
2006-05-24,4660.16600002496,4704.68987900609,4556.27694906899,4645.32470703125,716800,0.0,0
2006-05-25,4593.379264591942,4600.799909607438,4482.069589359504,4489.490234375,626100,0.0,0
2006-05-26,4608.221489973129,4675.0073086683915,4534.0150247561705,4660.166015625,433200,0.0,0
2006-05-29,4771.474182034862,4905.045776555277,4704.688384774654,4815.998046875,678200,0.0,0
2006-05-30,4808.578596652476,4823.419888617454,4645.324385037732,4793.7373046875,305900,0.0,0
2006-05-31,4645.323947569723,4712.109755122642,4541.434913598515,4623.06201171875,506100,0.0,0
2006-06-01,4660.165904290513,4764.054953112276,4534.014916435514,4556.27685546875,331400,0.0,0
2006-06-02,4563.697670990566,4726.951896619496,4311.395685927673,4719.53125,1013700,0.0,0
2006-06-05,4726.9502770712215,4838.259938226744,4645.323192223837,4786.3154296875,261000,0.0,0
2006-06-06,4600.799966115998,4645.323836755831,4482.069644409778,4534.01416015625,376000,0.0,0
2006-06-07,4526.594697555693,4623.063109142945,4467.2295211943065,4496.912109375,240600,0.0,0
2006-06-08,4496.910897922673,4556.276058291289,4437.545737554056,4504.33154296875,543000,0.0,0
2006-06-09,4563.697411415136,4734.372273955865,4467.229010848638,4697.26904296875,537300,0.0,0
2006-06-12,4697.267914138633,4956.990468632871,4637.902758825665,4949.56982421875,417200,0.0,0
2006-06-13,4808.577814206318,4912.4668410564545,4749.212656006241,4756.63330078125,377400,0.0,0
2006-06-14,4608.221474546975,4734.37246499351,4608.221474546975,4645.32470703125,492200,0.0,0
2006-06-15,4867.9429664039035,4971.831993125938,4815.9984530428865,4942.1494140625,452900,0.0,0
2006-06-16,5164.769079241071,5194.45166015625,5083.14198172433,5194.45166015625,585800,0.0,0
2006-06-19,5120.245334675219,5194.451788800947,5068.300816787209,5097.9833984375,210600,0.0,0
2006-06-20,5046.038921310241,5068.300857727786,4919.887948277485,4927.30859375,235500,0.0,0
2006-06-21,4875.363950570913,4919.887822265625,4778.8955618990385,4823.41943359375,300600,0.0,0
2006-06-22,4927.308731617647,5046.0390625,4919.8880859375,5046.0390625,285500,0.0,0
2006-06-23,4949.570348884594,5008.935510490406,4905.046477680235,4979.2529296875,222200,0.0,0
2006-06-26,4875.363380077539,4964.411113046992,4853.101446835176,4949.56982421875,402600,0.0,0
2006-06-27,5016.356245984764,5105.403989996329,4979.25301931328,5053.45947265625,267800,0.0,0
2006-06-28,4979.252732496996,5075.7211162860585,4971.8320875901445,5016.35595703125,304700,0.0,0
2006-06-29,5016.355938195475,5060.8798074694,4964.411424042563,5001.5146484375,348900,0.0,0
2006-06-30,5112.824925547787,5127.666217058811,5016.35653072613,5090.56298828125,221100,0.0,0
2006-07-03,5142.50792369276,5276.079558074391,5097.98404556555,5246.39697265625,371600,0.0,0
2006-07-04,5320.602717944369,5498.698206411126,5298.340781886025,5469.015625,604000,0.0,0
2006-07-05,5350.285356063417,5417.0711649463165,5268.65825631765,5313.18212890625,249400,0.0,0
2006-07-06,5238.976245852761,5290.920769536854,5172.1904296875,5172.1904296875,269100,0.0,0
2006-07-07,5246.397116185609,5328.0242283186235,5090.563538477125,5149.9287109375,312600,0.0,0
2006-07-10,5060.879761971672,5157.34814453125,4949.570089787545,5157.34814453125,307700,0.0,0
2006-07-11,5105.404279792275,5127.666217058811,4971.832656193058,5090.56298828125,297600,0.0,0
2006-07-12,5083.1426188151045,5105.404557291667,4897.62646484375,4897.62646484375,277100,0.0,0
2006-07-13,4845.681708585476,5038.618499432678,4845.681708585476,4905.046875,330100,0.0,0
2006-07-14,4860.5232340494795,4994.094864908854,4860.5232340494795,4897.62646484375,150600,0.0,0
2006-07-17,4897.62646484375,4897.62646484375,4897.62646484375,4897.62646484375,0,0.0,0
2006-07-18,4830.8407870205965,4845.682079761059,4548.856224951805,4571.1181640625,484100,0.0,0
2006-07-19,4578.5390015650655,4652.745468365148,4430.126067964901,4519.173828125,421700,0.0,0
2006-07-20,4771.47566445133,4919.888593361169,4741.793078669362,4845.68212890625,392700,0.0,0
2006-07-21,4771.47538715418,4771.47538715418,4571.11794476979,4593.3798828125,318800,0.0,0
2006-07-24,4303.975030446724,4534.015075177497,4266.871797425632,4474.64990234375,387300,0.0,0
2006-07-25,4600.799909607438,4637.903134684918,4482.069589359504,4489.490234375,197900,0.0,0
2006-07-26,4459.808709967627,4496.91194382759,4326.237068071758,4333.65771484375,273000,0.0,0
2006-07-27,4303.974247685185,4496.911024305556,4177.823278356482,4407.86328125,673300,0.0,0
2006-07-28,4430.125253122387,4474.649125013064,4281.71234682013,4437.5458984375,304000,0.0,0
2006-07-31,4600.80049542683,4652.74501714939,4548.855973704269,4563.697265625,369000,0.0,0
2006-08-01,4556.276602964417,4630.483062296085,4511.752727365416,4548.85595703125,260000,0.0,0
2006-08-02,4437.546284298781,4563.697265625,4437.546284298781,4563.697265625,432700,0.0,0
2006-08-03,4548.855057479552,4556.27570194526,4400.442168165374,4422.7041015625,365000,0.0,0
2006-08-04,4430.124706371411,4489.4898615656675,4348.4976179793075,4393.021484375,287800,0.0,0
2006-08-07,4393.021804224739,4430.125028922583,4252.029550372931,4259.4501953125,205400,0.0,0
2006-08-08,4185.244457624346,4266.8715658404235,4185.244457624346,4252.0302734375,447900,0.0,0
2006-08-09,4214.926593641681,4303.974338577773,4185.244011996318,4281.71240234375,281900,0.0,0
2006-08-10,4341.077739773084,4467.228716826319,4311.395156937029,4430.12548828125,436600,0.0,0
2006-08-11,4385.600839975718,4437.5453507706925,4333.656329180743,4393.021484375,240000,0.0,0
2006-08-14,4370.759796438865,4600.799785725121,4370.759796438865,4585.95849609375,279200,0.0,0
2006-08-15,4548.855558882173,4712.109755122642,4519.172977747542,4623.06201171875,407600,0.0,0
2006-08-16,4697.268463792067,4845.681369441106,4697.268463792067,4823.41943359375,526900,0.0,0
2006-08-17,4860.52208826178,4942.1491767669395,4764.0537109375,4764.0537109375,514800,0.0,0
2006-08-18,4734.3720703125,4793.737237338362,4637.903673895475,4734.3720703125,234000,0.0,0
2006-08-21,4786.31572265625,4801.15701171875,4608.22025390625,4637.90283203125,142100,0.0,0
2006-08-22,4645.3234960626,4682.426718874602,4593.378984125798,4652.744140625,327900,0.0,0
2006-08-23,4675.00729301867,4726.9518184966555,4615.64212104383,4645.32470703125,295000,0.0,0
2006-08-24,4637.903009803549,4637.903009803549,4571.117206462379,4585.95849609375,166700,0.0,0
2006-08-25,4645.323947569723,4667.5858834206965,4585.958785300461,4623.06201171875,241700,0.0,0
2006-08-28,4600.800095369983,4600.800095369983,4422.704607807274,4437.5458984375,299500,0.0,0
2006-08-29,4489.491053989955,4571.1181640625,4467.229114879261,4571.1181640625,215500,0.0,0
2006-08-30,4534.014047664075,4563.696627354184,4437.545663671223,4444.96630859375,387200,0.0,0
2006-08-31,4452.38822710396,4541.435991646039,4444.967580058787,4496.912109375,255500,0.0,0
2006-09-01,4504.331742498962,4504.331742498962,4452.387224875415,4467.228515625,148400,0.0,0
2006-09-04,4504.331899729083,4608.220938602571,4496.911254095262,4600.80029296875,271300,0.0,0
2006-09-05,4623.062117833416,4719.530508735236,4563.696954201526,4712.10986328125,266500,0.0,0
2006-09-06,4771.47459033127,4793.736524656299,4719.530076906201,4756.63330078125,387500,0.0,0
2006-09-07,4697.268892911586,4719.530830792683,4563.697265625,4563.697265625,398600,0.0,0
2006-09-08,4526.594222219367,4571.118099814967,4459.8084058259665,4511.7529296875,443800,0.0,0
2006-09-11,4526.59388249843,4541.435173916458,4430.12548828125,4430.12548828125,243000,0.0,0
2006-09-12,4452.387283509036,4452.387283509036,4303.974374058735,4311.39501953125,439800,0.0,0
2006-09-13,4385.601837320243,4393.02248340708,4170.403100801991,4192.6650390625,445100,0.0,0
2006-09-14,4244.610085539323,4333.657849571618,4214.927497528559,4222.34814453125,301400,0.0,0
2006-09-15,4296.55392964681,4378.181033664279,4222.34747144911,4274.2919921875,311600,0.0,0
2006-09-18,4274.2919921875,4274.2919921875,4274.2919921875,4274.2919921875,0,0.0,0
2006-09-19,4348.498484644397,4370.760422279095,4266.871379983836,4303.974609375,217100,0.0,0
2006-09-20,4289.133232250549,4289.133232250549,4207.506129214638,4229.76806640625,264500,0.0,0
2006-09-21,4296.554614558161,4296.554614558161,4185.244909517794,4222.34814453125,194700,0.0,0
2006-09-22,4207.505662184495,4244.60888671875,4200.0850172776445,4244.60888671875,158600,0.0,0
2006-09-25,4244.609785086744,4274.292370996442,4155.5620273576515,4170.4033203125,210200,0.0,0
2006-09-26,4177.82314947587,4192.664439527294,4096.1960541930375,4103.61669921875,165200,0.0,0
2006-09-27,4148.14096337034,4237.188712136787,4118.458380448191,4229.76806640625,196800,0.0,0
2006-09-28,4296.553602430556,4415.28392650463,4289.132957175926,4407.86328125,296700,0.0,0
2006-09-29,4400.442168165374,4437.545390493918,4348.4976569054115,4422.7041015625,182900,0.0,0
2006-10-02,4422.7047375801285,4422.7047375801285,4326.236345653045,4341.07763671875,272600,0.0,0
2006-10-03,4348.498551764456,4400.443073713861,4311.395321800595,4363.33984375,147600,0.0,0
2006-10-04,4370.760629245924,4393.022567934782,4244.609643342391,4266.87158203125,227800,0.0,0
2006-10-05,4326.236848015598,4363.340079988288,4303.974908831985,4355.91943359375,225900,0.0,0
2006-10-06,4281.712551588726,4296.553842928721,4140.720283858767,4200.08544921875,795700,0.0,0
2006-10-09,4200.08544921875,4200.08544921875,4200.08544921875,4200.08544921875,0,0.0,0
2006-10-10,4207.505988936992,4237.188570869529,4066.513724757446,4111.03759765625,865900,0.0,0
2006-10-11,4081.354811262376,4103.6167465965345,3695.481265470297,3747.42578125,1380800,0.0,0
2006-10-12,3821.632627289871,3903.259731950431,3791.9500437769398,3873.5771484375,905500,0.0,0
2006-10-13,3940.362722013922,3962.6246582964864,3858.735622311185,3880.99755859375,660200,0.0,0
2006-10-16,3992.307218008668,4133.299480354699,3970.0452818487684,4066.513671875,592900,0.0,0
2006-10-17,4111.037344244462,4125.878634295886,4044.2515390130534,4103.61669921875,297200,0.0,0
2006-10-18,4096.196655919312,4237.188932119433,4059.093425340333,4207.50634765625,477100,0.0,0
2006-10-19,4333.6566529742095,4526.593421771006,4289.132783251872,4459.8076171875,1241400,0.0,0
2006-10-20,4452.387224875415,4496.91109712417,4415.283998001453,4467.228515625,467100,0.0,0
2006-10-23,4422.705024485056,4593.3798828125,4385.601794413873,4593.3798828125,437900,0.0,0
2006-10-24,4675.0065287043535,4704.689109838985,4571.1174947331465,4623.06201171875,480500,0.0,0
2006-10-25,4593.379584835738,4623.062166967147,4303.974409054487,4341.07763671875,553300,0.0,0
2006-10-26,4489.490822370087,4585.9592202061385,4452.387592433144,4578.53857421875,487300,0.0,0
2006-10-27,4578.5387623271,4585.959408619365,4415.2845438972845,4526.59423828125,396700,0.0,0
2006-10-30,4400.442793702768,4600.800222758375,4400.442793702768,4541.43505859375,307300,0.0,0
2006-10-31,4593.380005691225,4593.380005691225,4467.229020074504,4482.0703125,266000,0.0,0
2006-11-01,4504.332130641659,4630.483112883683,4489.4908386131865,4593.3798828125,360700,0.0,0
2006-11-02,4556.276619664634,4630.483079268293,4541.435327743902,4563.697265625,261700,0.0,0
2006-11-03,4563.697265625,4563.697265625,4563.697265625,4563.697265625,0,0.0,0
2006-11-06,4571.118116034836,4578.5387623271,4489.491006819928,4526.59423828125,282900,0.0,0
2006-11-07,4563.696905497301,4563.696905497301,4467.228515625,4467.228515625,314300,0.0,0
2006-11-08,4459.808047668673,4474.649339008668,4177.823512208756,4200.08544921875,869100,0.0,0
2006-11-09,4162.9821514826945,4244.60925249216,4081.35505047323,4140.72021484375,650100,0.0,0
2006-11-10,4066.5130695744206,4259.449821050579,4059.0924252868763,4162.9814453125,571000,0.0,0
2006-11-13,4162.981840545599,4229.767645474139,4081.35474563294,4088.775390625,386600,0.0,0
2006-11-14,4162.98289530691,4177.824189051319,4044.2525453516323,4148.1416015625,526100,0.0,0
2006-11-15,4222.347797640793,4274.292322392086,4096.196808959083,4125.87939453125,434000,0.0,0
2006-11-16,4133.2998851584325,4133.2998851584325,3955.2043784370635,3984.886962890625,420100,0.0,0
2006-11-17,3984.8857459873543,3992.3063898346304,3784.528362110895,3814.2109375,512800,0.0,0
2006-11-20,3814.211679927638,3814.211679927638,3599.012966468686,3621.27490234375,608400,0.0,0
2006-11-21,3636.116314980551,3688.0608337659874,3487.7034041650186,3517.385986328125,575000,0.0,0
2006-11-22,3584.1715887995047,3784.5290068069307,3561.9096534653463,3747.42578125,764200,0.0,0
2006-11-23,3747.42578125,3747.42578125,3747.42578125,3747.42578125,0,0.0,0
2006-11-24,3747.4261856849744,3747.4261856849744,3576.751329703283,3673.2197265625,498300,0.0,0
2006-11-27,3695.48100419478,3947.7829201438212,3680.639715021307,3918.100341796875,597900,0.0,0
2006-11-28,3843.8938863851995,3918.100332068311,3762.266796133776,3910.6796875,410500,0.0,0
2006-11-29,3932.9421561104914,3970.045383998326,3829.053118024554,3947.783447265625,442300,0.0,0
2006-11-30,4044.2514016442265,4207.505586664727,4036.8307568705677,4185.24365234375,692900,0.0,0
2006-12-01,4118.458748138208,4162.982626496459,4044.2522842077897,4125.87939453125,332100,0.0,0
2006-12-04,4125.879288012653,4266.8715658404235,4066.51411840096,4252.0302734375,474100,0.0,0
2006-12-05,4259.45054358479,4311.395062408994,4111.03763265849,4140.72021484375,406500,0.0,0
2006-12-06,4177.8236294450435,4303.974609375,4148.141045932112,4303.974609375,308300,0.0,0
2006-12-07,4311.394747512976,4326.236037521627,4222.347007461072,4289.1328125,249000,0.0,0
2006-12-08,4303.974007619939,4333.656586982835,4200.084979849802,4214.92626953125,285000,0.0,0
2006-12-11,4274.2911096256685,4274.2911096256685,4103.616291012144,4162.9814453125,280300,0.0,0
2006-12-12,4177.82304532763,4252.02949373487,4125.878531442562,4214.92626953125,283500,0.0,0
2006-12-13,4155.560688920455,4162.981333007812,4029.4097394353694,4081.354248046875,472300,0.0,0
2006-12-14,4073.934916105983,4177.823966789924,3984.8871583768905,4170.4033203125,431300,0.0,0
2006-12-15,4229.768660035852,4400.443535791685,4222.34801326386,4333.65771484375,794900,0.0,0
2006-12-18,4452.386972233777,4563.696646539622,4437.545682326331,4459.8076171875,565500,0.0,0
2006-12-19,4437.54623518319,4444.966881061423,4259.450734105603,4303.974609375,614000,0.0,0
2006-12-20,4289.132992135243,4459.807834382838,4244.609120244565,4437.5458984375,475200,0.0,0
2006-12-21,4452.386896606239,4496.910765572302,4318.815289708052,4400.4423828125,439600,0.0,0
2006-12-22,4430.125436230965,4430.125436230965,4363.339625634518,4385.6015625,141500,0.0,0
2006-12-25,4333.656973627787,4378.180846644511,4274.291809605489,4326.236328125,214600,0.0,0
2006-12-26,4311.395555226523,4393.02266556644,4303.974908831985,4355.91943359375,172100,0.0,0
2006-12-27,4400.4421287742825,4422.704061972128,4385.600839975718,4393.021484375,89100,0.0,0
2006-12-28,4355.91918112068,4385.601764978403,4311.395305334097,4348.49853515625,113800,0.0,0
2006-12-29,4326.23661378614,4363.33984375,4326.23661378614,4363.33984375,47800,0.0,0
2007-01-04,4303.974356379534,4341.077583589702,4281.712420053433,4296.5537109375,164900,0.0,0
2007-01-05,4274.291792168675,4378.180828783886,4229.767919333584,4311.39501953125,328300,0.0,0
2007-01-09,4311.394892939815,4437.545862268518,4303.974247685185,4407.86328125,352500,0.0,0
2007-01-10,4415.284365699405,4422.705011692177,4341.077905771684,4363.33984375,307900,0.0,0
2007-01-11,4341.078496574309,4355.919790579691,4155.56232150703,4222.34814453125,402500,0.0,0
2007-01-12,4259.449921669769,4274.2912105954465,4162.981543652857,4237.18798828125,278900,0.0,0
2007-01-15,4237.188981034577,4274.292212041885,4200.085750027269,4252.0302734375,260800,0.0,0
2007-01-16,4274.291756932409,4326.236274811796,4222.347239053022,4281.71240234375,588800,0.0,0
2007-01-17,4370.760712066254,4615.642042283887,4355.919419325791,4571.1181640625,1624500,0.0,0
2007-01-18,4660.165531059742,4890.205549312691,4630.482948059361,4875.3642578125,1131300,0.0,0
2007-01-19,4801.157771404188,5083.142308209998,4793.737125698772,5060.88037109375,1284200,0.0,0
2007-01-22,5083.141423672929,5135.085934571776,4942.149179804629,4949.56982421875,535900,0.0,0
2007-01-23,4905.046840812881,4979.253298313832,4793.737154561454,4875.3642578125,380200,0.0,0
2007-01-24,4986.6735748882265,5046.038736494039,4875.363896877328,4979.2529296875,464600,0.0,0
2007-01-25,5053.459268897003,5083.141849037367,4867.943143019727,4890.205078125,344700,0.0,0
2007-01-26,4890.205348818684,4964.411803277238,4838.260830697696,4912.46728515625,329400,0.0,0
2007-01-29,4912.467193828241,5075.721390601989,4860.522676672957,5038.6181640625,472000,0.0,0
2007-01-30,5046.038536658654,5112.8243408203125,4994.094022310697,5016.35595703125,505700,0.0,0
2007-01-31,4979.253572591146,4994.094864908854,4845.681941731771,4897.62646484375,461600,0.0,0
2007-02-01,4905.046477680235,4979.2529296875,4890.2051872787815,4979.2529296875,270500,0.0,0
2007-02-02,4994.094031300008,5261.237248427497,4949.57016177876,5216.71337890625,671600,0.0,0
2007-02-05,5231.554886300223,5246.396176757812,5090.562626953125,5194.45166015625,302900,0.0,0
2007-02-06,5194.451788800947,5194.451788800947,5068.300816787209,5097.9833984375,234300,0.0,0
2007-02-07,5112.823863701834,5164.768373202433,4994.093556271893,5031.19677734375,407700,0.0,0
2007-02-08,4956.990606540587,4971.831895781726,4867.94287109375,4867.94287109375,431500,0.0,0
2007-02-09,4823.418964783838,4853.101543028662,4741.791874610573,4838.26025390625,688500,0.0,0
2007-02-13,4860.52255271969,4964.411584380874,4860.52255271969,4934.72900390625,278600,0.0,0
2007-02-14,5038.619110243056,5097.984283854166,4986.674583333333,5008.9365234375,419700,0.0,0
2007-02-15,5046.039756944444,5053.460403645833,4905.047469618055,5008.9365234375,258400,0.0,0
2007-02-16,5016.35666232639,5268.658624632746,4971.8327866252675,5209.29345703125,694900,0.0,0
2007-02-19,5172.190947223831,5268.65935800419,5090.563830409682,5201.87353515625,374600,0.0,0
2007-02-20,5187.031943725234,5209.293883397874,5127.66677126486,5149.9287109375,233800,0.0,0
2007-02-21,5157.347338283447,5305.760211327575,5149.926694631241,5276.07763671875,377500,0.0,0
2007-02-22,5201.873262549298,5424.492660375943,5201.873262549298,5409.6513671875,634600,0.0,0
2007-02-23,5624.848704418853,5891.991914655105,5565.483546588574,5869.72998046875,1108200,0.0,0
2007-02-26,5825.206864594813,5936.516549905542,5728.738470658848,5891.99267578125,522600,0.0,0
2007-02-27,5884.572006445568,5884.572006445568,5617.428762773386,5661.95263671875,463900,0.0,0
2007-02-28,5216.714312542926,5461.595638736264,5201.87302004636,5402.23046875,753500,0.0,0
2007-03-01,5379.967790876116,5424.491662248884,5172.189724469866,5194.45166015625,444100,0.0,0
2007-03-02,5194.451714102337,5328.023329607826,5157.348487573035,5238.9755859375,454300,0.0,0
2007-03-05,5083.142480317109,5083.142480317109,4697.26889057041,4778.89599609375,646600,0.0,0
2007-03-06,4764.054341695954,4949.570476497198,4764.054341695954,4882.78466796875,538600,0.0,0
2007-03-07,5105.404329279789,5135.086912589555,4897.626246111426,4919.88818359375,541600,0.0,0
2007-03-08,4860.52239573674,5001.5146484375,4801.157236704841,5001.5146484375,420700,0.0,0
2007-03-09,5031.197255901048,5276.078538267914,5008.935321140425,5216.71337890625,508600,0.0,0
2007-03-12,5224.133670520232,5246.39560377529,5075.720782153179,5135.0859375,341200,0.0,0
2007-03-13,5172.190750868055,5238.976571180555,4986.674583333333,5008.9365234375,295800,0.0,0
2007-03-14,4786.317069575472,4867.944182389937,4652.745430424528,4719.53125,767700,0.0,0
2007-03-15,4801.157950669988,4860.523118529895,4764.054720757546,4793.7373046875,287300,0.0,0
2007-03-16,4793.736114454931,4882.783844135209,4749.212249614792,4815.998046875,377600,0.0,0
2007-03-19,4741.792952652816,4786.316830142514,4675.0071364182695,4726.95166015625,358600,0.0,0
2007-03-20,4838.26119731385,4860.523135338301,4764.05473723235,4808.57861328125,299900,0.0,0
2007-03-22,4882.784433089909,4979.252818546092,4830.839917844271,4890.205078125,442700,0.0,0
2007-03-23,4927.308915227096,4934.7295611837635,4771.475350137082,4778.89599609375,265000,0.0,0
2007-03-26,4801.157850354685,4956.991412730958,4793.737204527244,4919.88818359375,427000,0.0,0
2007-03-27,4927.365590647801,4942.319659208189,4800.2560078845045,4867.54931640625,306100,50.0,0
2007-03-28,4867.548862521535,4919.888097602412,4815.209627440659,4882.5029296875,358400,0.0,0
2007-03-29,4785.301251956182,4792.778285162362,4650.714654244914,4777.82421875,451500,0.0,0
2007-03-30,4815.209610453413,4927.3651138024825,4792.778509783599,4875.02587890625,307900,0.0,0
2007-04-02,4815.209722222222,4889.980059523809,4695.577182539682,4710.53125,497400,0.0,0
2007-04-03,4710.531076738911,4732.962177104335,4531.082273815524,4635.7607421875,490500,0.0,0
2007-04-04,4710.531215789212,4732.96231681678,4628.283845354797,4695.5771484375,326200,0.0,0
2007-04-05,4718.00872364683,4807.73313677482,4680.623551510167,4688.1005859375,381200,0.0,0
2007-04-06,4673.145231653432,4770.346652471824,4553.512713723105,4560.98974609375,430700,0.0,0
2007-04-09,4531.083526611328,4575.945739746094,4516.129455566406,4546.03759765625,217400,0.0,0
2007-04-10,4508.651417949412,4598.3758242767635,4508.651417949412,4531.08251953125,242100,0.0,0
2007-04-11,4560.990705818966,4605.852909482758,4538.559603987069,4553.513671875,220300,0.0,0
2007-04-12,4531.0828272715335,4538.559861639968,4441.358414850315,4448.83544921875,351000,0.0,0
2007-04-13,4448.835038754652,4508.651308183286,4246.955129433012,4269.38623046875,676100,0.0,0
2007-04-16,4344.156106839005,4344.156106839005,4269.385777977748,4284.33984375,248600,0.0,0
2007-04-17,4246.955129433012,4403.972836683177,4202.092927361537,4269.38623046875,489500,0.0,0
2007-04-18,4276.863833957249,4321.726042005751,4202.093487209744,4306.77197265625,417000,0.0,0
2007-04-19,4314.248099912446,4351.633265422953,4254.4318350956355,4336.67919921875,345100,0.0,0
2007-04-20,4366.587331627155,4366.587331627155,4306.771066810345,4336.67919921875,367900,0.0,0
2007-04-23,4366.58758005742,4374.064613584916,4157.230641287544,4232.0009765625,465000,0.0,0
2007-04-24,4194.6161275081495,4261.909434366569,4112.36875245897,4157.23095703125,375500,0.0,0
2007-04-25,4179.661800701825,4194.615867967305,4037.5981616797594,4045.0751953125,607200,0.0,0
2007-04-26,3970.305387615932,3985.259456872489,3835.7187643069174,3955.351318359375,690200,0.0,0
2007-04-27,3895.534651066707,3962.8279559795674,3828.241346153846,3888.0576171875,566700,0.0,0
2007-05-01,4022.644630013882,4022.644630013882,3940.3972491028176,3955.351318359375,456700,0.0,0
2007-05-02,3970.304217575188,4022.643444548872,3873.1027960526317,3977.78125,561400,0.0,0
2007-05-07,4202.092303369227,4217.046368505773,4172.184173096137,4209.5693359375,749100,0.0,0
2007-05-08,4246.955026272124,4261.90909326604,4187.138758296461,4224.52392578125,453700,0.0,0
2007-05-09,4194.615252620385,4217.046350227981,4179.661187548654,4202.09228515625,341700,0.0,0
2007-05-10,4172.185593875334,4194.61669921875,4157.23152364639,4194.61669921875,338900,0.0,0
2007-05-11,4134.79985474511,4164.70799112663,4127.32282064973,4157.23095703125,243100,0.0,0
2007-05-14,4134.799933017828,4142.27696725475,4060.0295906486094,4082.460693359375,170100,0.0,0
2007-05-15,3992.736491500768,4000.2135261290464,3947.874283731096,3955.351318359375,362000,0.0,0
2007-05-16,3955.3499477042346,3955.3499477042346,3873.102595294506,3895.53369140625,296100,0.0,0
2007-05-17,3865.6255637341596,3880.5796278105004,3775.9011792761135,3798.332275390625,454400,0.0,0
2007-05-18,3775.902785343003,3790.856855780005,3716.086503594995,3753.4716796875,390000,0.0,0
2007-05-21,3760.9471888542175,3910.487832546234,3731.039060115814,3828.240478515625,462900,0.0,0
2007-05-22,3850.672320861252,4067.5062962107204,3813.2871526975505,4045.0751953125,660700,0.0,0
2007-05-23,4336.680191749139,4441.358679136188,4246.955773988812,4344.1572265625,1231300,0.0,0
2007-05-24,4119.844392015597,4194.614707660164,4082.459234193314,4179.66064453125,428700,0.0,0
2007-05-25,4045.0748842658236,4157.230380132713,4015.166752034653,4119.84521484375,476400,0.0,0
2007-05-28,4082.46087263607,4097.414941766605,4022.6445961139298,4052.552734375,315100,0.0,0
2007-05-29,4127.323210227272,4127.323210227272,4074.983966619318,4112.369140625,311400,0.0,0
2007-05-30,4045.0755516753634,4045.0755516753634,3962.828174469395,3985.25927734375,564700,0.0,0
2007-05-31,4037.5985173839117,4045.0755516753634,3985.25927734375,3985.25927734375,411800,0.0,0
2007-06-01,4089.9380362215907,4172.185419034091,4082.4610014204545,4112.369140625,686900,0.0,0
2007-06-04,4187.138091216217,4232.000285050676,4134.7988650760135,4149.7529296875,484500,0.0,0
2007-06-05,4194.615179246472,4202.092211651546,4134.79892000588,4172.18408203125,337200,0.0,0
2007-06-06,4299.294016151231,4336.679181509067,4284.339950008096,4329.2021484375,529200,0.0,0
2007-06-07,4314.24818709936,4389.0185196314105,4306.771153846154,4374.064453125,499300,0.0,0
2007-06-08,4172.184173096137,4232.000433642318,4134.799010254774,4209.5693359375,405200,0.0,0
2007-06-11,4284.341120592413,4306.772225935829,4194.61669921875,4194.61669921875,311900,0.0,0
2007-06-12,4082.460483077669,4119.845652336622,4060.029381522297,4097.41455078125,349400,0.0,0
2007-06-13,4022.643785092446,4149.75334707492,3992.735652861275,4119.84521484375,305400,0.0,0
2007-06-14,4187.13825631649,4239.477484520446,4112.367930310838,4217.04638671875,374600,0.0,0
2007-06-15,4366.587454748722,4411.449654626277,4269.386021680685,4389.0185546875,642900,0.0,0
2007-06-18,4486.220231905158,4531.0824342242095,4478.743198185316,4493.697265625,579400,0.0,0
2007-06-19,4351.634261375861,4381.542400629303,4321.726122122418,4344.1572265625,444200,0.0,0
2007-06-20,4336.680191749139,4344.1572265625,4314.249087309058,4344.1572265625,425700,0.0,0
2007-06-21,4321.725534986414,4374.064771569294,4291.817399796196,4299.29443359375,291900,0.0,0
2007-06-22,4374.064127604166,4471.2655526620365,4329.201931423611,4441.357421875,560600,0.0,0
2007-06-25,4381.541160300926,4516.127748842592,4381.541160300926,4441.357421875,420900,0.0,0
2007-06-26,4366.58740234375,4389.018502013324,4359.110369120559,4366.58740234375,290200,0.0,0
2007-06-27,4202.09232151762,4232.000451919881,4172.18419111536,4217.04638671875,401500,0.0,0
2007-06-28,4224.523491657956,4261.9086553009465,4202.092393472161,4246.95458984375,313000,0.0,0
2007-06-29,4239.477557115151,4314.247884401133,4187.138328014965,4246.95458984375,326200,0.0,0
2007-07-02,4299.293438316638,4299.293438316638,4217.046085583624,4291.81640625,155600,0.0,0
2007-07-03,4291.817262249228,4299.2942958071535,4202.092859554123,4239.47802734375,228000,0.0,0
2007-07-04,4269.3852350603065,4276.862266995614,4202.091947642543,4261.908203125,110900,0.0,0
2007-07-05,4276.863913242255,4359.111296189221,4246.955773988812,4344.1572265625,341500,0.0,0
2007-07-06,4359.110738294789,4359.110738294789,4291.81743358698,4314.24853515625,170800,0.0,0
2007-07-09,4389.018192997685,4456.311487268518,4344.15599681713,4441.357421875,385800,0.0,0
2007-07-10,4411.449810258494,4493.697179602296,4403.972776681785,4456.31201171875,317500,0.0,0
2007-07-11,4389.018502013324,4411.449601682898,4344.156302674176,4366.58740234375,335000,0.0,0
2007-07-12,4366.587331627155,4396.495464035561,4284.339967504041,4336.67919921875,324600,0.0,0
2007-07-13,4411.450228304477,4448.835399730786,4389.019125448691,4426.404296875,304600,0.0,0
2007-07-17,4366.587454748722,4396.495588000425,4344.156354809945,4389.0185546875,268300,0.0,0
2007-07-18,4389.017823116289,4389.017823116289,4254.431245916812,4291.81640625,261400,0.0,0
2007-07-19,4179.661205664409,4246.954498778863,4104.890879981683,4209.5693359375,646300,0.0,0
2007-07-20,4217.046276461694,4239.477373676916,4157.230017221103,4172.18408203125,236200,0.0,0
2007-07-23,4037.598534058989,4045.0755683813204,3985.2592938026687,3992.736328125,413000,0.0,0
2007-07-24,4045.0755221747654,4134.799933017828,4037.5984879378434,4082.460693359375,305100,0.0,0
2007-07-25,4000.2124205631994,4052.551648495802,4000.2124205631994,4007.689453125,230800,0.0,0
2007-07-26,4187.140031645569,4194.617067416365,4134.80078125,4134.80078125,537300,0.0,0
2007-07-27,4000.2120827999943,4015.166146660929,3947.8728592867233,3970.303955078125,475300,0.0,0
2007-07-30,3925.4430030121366,4030.12148309246,3880.5807972634266,3985.25927734375,185800,0.0,0
2007-07-31,3962.8279414490194,4127.322686188412,3962.8279414490194,4097.41455078125,298700,0.0,0
2007-08-01,4187.138310185185,4284.339735243056,4037.59765625,4037.59765625,605900,0.0,0
2007-08-02,4007.6894531249995,4052.551648495802,3917.9650623833954,4007.689453125,523100,0.0,0
2007-08-03,4030.1206235532404,4097.413917824074,4000.2124927662035,4037.59765625,254300,0.0,0
2007-08-06,3955.350152725564,4000.212347274436,3932.919055451128,3977.78125,241800,0.0,0
2007-08-07,3940.3964312604367,3955.3504974132275,3903.0112658784587,3917.96533203125,353700,0.0,0
2007-08-08,3992.736614724864,4164.7084164826765,3992.736614724864,4127.3232421875,626900,0.0,0
2007-08-09,4254.432180124563,4299.294382375438,4209.569977873689,4276.86328125,860200,0.0,0
2007-08-10,4314.248432540226,4314.248432540226,4187.138860004378,4269.38623046875,798200,0.0,0
2007-08-13,4015.166976753322,4022.6440102295855,3888.0574076568487,3903.011474609375,1009400,0.0,0
2007-08-14,3932.9193084657995,3947.873374277456,3768.424584537572,3880.580078125,473700,0.0,0
2007-08-15,3798.3334632843375,3805.8104976608815,3768.425325778162,3783.37939453125,399500,0.0,0
2007-08-16,3775.902619672245,3813.2877941244456,3671.2241312060837,3790.856689453125,515800,0.0,0
2007-08-17,3716.0855712890625,3745.993704659598,3446.912370954241,3454.389404296875,617000,0.0,0
2007-08-20,3678.700244039111,3693.6543100717904,3566.544748794016,3596.452880859375,342100,0.0,0
2007-08-21,3559.068345424107,3760.9482725805165,3559.068345424107,3663.746826171875,399400,0.0,0
2007-08-22,3745.99453420928,3745.99453420928,3693.655289220328,3701.13232421875,249900,0.0,0
2007-08-23,3850.671946501686,3888.0571110308283,3813.286781972543,3880.580078125,319300,0.0,0
2007-08-24,3820.764996654009,3888.058313620518,3731.040574031997,3753.4716796875,278000,0.0,0
2007-08-27,3693.6544181933396,3693.6544181933396,3596.45298613562,3641.315185546875,336600,0.0,0
2007-08-28,3588.976658950617,3656.269971305941,3581.49962424447,3633.8388671875,218100,0.0,0
2007-08-29,3469.343436840717,3566.5448693384096,3454.3893703026106,3544.11376953125,316400,0.0,0
2007-08-30,3476.8205043247767,3484.2975376674103,3431.958304268973,3454.389404296875,355400,0.0,0
2007-08-31,3499.250884240415,3566.5441704758077,3491.7738524364827,3559.067138671875,353000,0.0,0
2007-09-03,3521.6827221205117,3551.590855641705,3417.004254796335,3461.866455078125,309100,0.0,0
2007-09-04,3484.2975023352583,3499.251568868886,3409.52716966712,3439.435302734375,270200,0.0,0
2007-09-05,3446.9122061414437,3454.3892391265663,3267.4634144985052,3282.41748046875,503300,0.0,0
2007-09-06,3215.124562463914,3252.5097317948903,3080.5379528724015,3237.5556640625,514800,0.0,0
2007-09-07,3230.0779547735087,3327.279374708823,3192.6927932599265,3259.986083984375,372700,0.0,0
2007-09-10,3147.8309844312053,3170.262084082734,3095.4917519109713,3117.9228515625,236900,0.0,0
2007-09-11,3147.8303413571907,3215.1236265643515,3088.014087839714,3155.307373046875,372400,0.0,0
2007-09-12,3162.785193673016,3207.647395001711,3065.5837574608427,3073.060791015625,263400,0.0,0
2007-09-13,3028.198412518169,3028.198412518169,2871.180717054264,2893.61181640625,746400,0.0,0
2007-09-14,2878.6583005314897,2930.997542359335,2811.3649896099746,2923.5205078125,714100,0.0,0
2007-09-18,2848.749976589255,2856.2270106485444,2714.163363522046,2729.117431640625,581300,0.0,0
2007-09-19,2826.3185330151236,2863.703698795747,2744.0711682977526,2796.410400390625,868500,0.0,0
2007-09-20,2691.732091769366,2691.732091769366,2616.9617558868836,2654.346923828125,748600,0.0,0
2007-09-21,2624.438998041342,2773.9796816904213,2594.530861311526,2639.39306640625,676900,0.0,0
2007-09-25,2751.548201453877,2863.703698795747,2706.686002517129,2796.410400390625,763900,0.0,0
2007-09-26,2803.887176513672,3005.767053222656,2736.5938842773435,2990.81298828125,1101800,0.0,0
2007-09-27,3125.3995025354784,3334.7564070115395,3088.014341021896,3259.986083984375,1245000,0.0,0
2007-09-28,3274.9404606349035,3342.233757771237,3162.784965407681,3185.216064453125,670500,0.0,0
2007-10-01,3192.6934608653287,3372.1422736540126,3147.831257668158,3237.5556640625,635800,0.0,0
2007-10-02,3334.7565640407483,3349.710629350348,3207.64700890915,3222.60107421875,329000,0.0,0
2007-10-03,3259.9865538100703,3506.7286553599147,3237.555453669175,3461.866455078125,832300,0.0,0
2007-10-04,3491.7744013468423,3671.2231928507485,3454.3892364501953,3588.975830078125,746200,0.0,0
2007-10-05,3574.0224141023596,3678.7008948501275,3574.0224141023596,3663.746826171875,307000,0.0,0
2007-10-09,3663.7466492440535,3790.856226870888,3641.3155473099064,3693.65478515625,469300,0.0,0
2007-10-10,3738.516292216615,3745.9933248010484,3521.6823472680517,3611.40673828125,572700,0.0,0
2007-10-11,3559.0673607998206,3701.13097394099,3424.480779929239,3648.791748046875,468600,0.0,0
2007-10-12,3790.8561332202103,3790.8561332202103,3760.947998046875,3760.947998046875,468600,0.0,0
2007-10-15,3738.516937690937,3775.9021070678464,3641.3154973109727,3671.2236328125,366300,0.0,0
2007-10-16,3531.4022706633164,3531.4022706633164,3521.6821289062505,3521.68212890625,366300,0.0,0
2007-10-17,3439.435535902388,3439.435535902388,3327.280029296875,3327.280029296875,366300,0.0,0
2007-10-18,3364.665149806701,3648.792429123711,3349.7110824742267,3626.361328125,675700,0.0,0
2007-10-19,3666.7379102718196,3790.856689453125,3666.7379102718196,3790.856689453125,675700,0.0,0
2007-10-22,3566.5457094254034,3760.9486202116937,3551.5916393649195,3708.609375,605700,0.0,0
2007-10-23,3589.7232708319743,3589.7232708319743,3581.49853515625,3581.49853515625,605700,0.0,0
2007-10-24,3581.498989162898,3626.361189444688,3439.43535493723,3461.866455078125,500000,0.0,0
2007-10-25,3237.55521170079,3252.50927734375,3237.55521170079,3252.50927734375,500000,0.0,0
2007-10-26,3357.935986058058,3379.619384765625,3357.935986058058,3379.619384765625,500000,0.0,0
2007-10-29,3609.9120535714287,3716.0859375,3609.9120535714287,3716.0859375,500000,0.0,0
2007-10-30,3581.345490490732,3656.2695312500005,3581.345490490732,3656.26953125,500000,0.0,0
2007-10-31,3544.1132252687103,3544.1132252687103,3424.4807113355896,3521.68212890625,859100,0.0,0
2007-11-01,3521.6828661361465,3521.6828661361465,3417.00439453125,3417.00439453125,859100,0.0,0
2007-11-02,3297.3717041015625,3297.3717041015625,3245.032470703125,3245.032470703125,859100,0.0,0
2007-11-05,3215.124301454097,3267.4635342684655,3095.4917693069674,3125.39990234375,634900,0.0,0
2007-11-06,3126.895697910346,3126.895697910346,3080.5380859375,3080.5380859375,634900,0.0,0
2007-11-07,3102.221224983273,3102.221224983273,2968.38232421875,2968.38232421875,634900,0.0,0
2007-11-08,2811.3648129111843,2841.27294921875,2811.3648129111843,2841.27294921875,634900,0.0,0
2007-11-09,2759.0254077808277,2766.50244140625,2759.0254077808277,2766.50244140625,634900,0.0,0
2007-11-12,2752.2959557399276,2752.2959557399276,2714.1630859375,2714.1630859375,634900,0.0,0
2007-11-13,2714.163218470982,2878.657958984375,2714.163218470982,2878.657958984375,634900,0.0,0
2007-11-14,2917.538670011331,2938.4743652343745,2917.538670011331,2938.474365234375,634900,0.0,0
2007-11-15,2908.5662729658793,2908.5662729658793,2848.75,2848.75,447100,0.0,0
2007-11-16,2858.0081199016004,2858.0081199016004,2796.410400390625,2796.410400390625,447100,0.0,0
2007-11-19,2752.2961168683437,2752.2961168683437,2676.778076171875,2676.778076171875,447100,0.0,0
2007-11-20,2622.9431811720856,2773.979248046875,2622.9431811720856,2773.979248046875,447100,0.0,0
2007-11-21,2776.221703125,2803.88671875,2776.221703125,2803.88671875,447100,0.0,0
2007-11-22,2803.887367248535,2871.1806640625,2803.887367248535,2871.1806640625,447100,0.0,0
2007-11-26,2960.905029296875,3013.244259612729,2908.565798981021,2960.905029296875,701700,0.0,0
2007-11-27,2953.4283034467467,3095.491943359375,2953.4283034467467,3095.491943359375,447100,0.0,0
2007-11-28,3107.454751473325,3107.454751473325,3013.244140625,3013.244140625,447100,0.0,0
2007-11-29,3192.6927972166814,3192.6927972166814,3162.78466796875,3162.78466796875,447100,0.0,0
2007-11-30,3124.6523919310052,3124.6523919310052,3102.968994140625,3102.968994140625,447100,0.0,0
2007-12-03,3102.968701286495,3185.216064453125,3102.968701286495,3185.216064453125,447100,0.0,0
2007-12-04,3193.4412502148916,3193.4412502148916,3058.1069335937505,3058.10693359375,447100,0.0,0
2007-12-05,2988.06098493872,3035.67578125,2988.06098493872,3035.67578125,447100,0.0,0
2007-12-06,3132.8769879193883,3155.3080880715556,3073.060720846942,3147.8310546875,355600,0.0,0
2007-12-07,3215.1238941526303,3230.077958776596,3155.307635656767,3162.78466796875,398200,0.0,0
2007-12-10,3153.0650471047793,3177.7392578125,3153.0650471047793,3177.7392578125,398200,0.0,0
2007-12-11,3147.8310546875,3185.216221607779,3132.8769879193883,3147.8310546875,278100,0.0,0
2007-12-12,3125.399358161142,3200.169677734375,3125.399358161142,3200.169677734375,278100,0.0,0
2007-12-13,3074.631566205518,3074.631566205518,3035.67578125,3035.67578125,278100,0.0,0
2007-12-14,3032.685001148897,3050.6298828125,3032.685001148897,3050.6298828125,278100,0.0,0
2007-12-17,3042.4051117995687,3042.4051117995687,2818.841796875,2818.841796875,278100,0.0,0
2007-12-18,2729.11640625,2863.70296875,2706.6853125000002,2803.88671875,937900,0.0,0
2007-12-19,2811.364625677507,2811.364625677507,2759.025390625,2759.025390625,278100,0.0,0
2007-12-20,2781.4564739724865,2781.4564739724865,2751.54833984375,2751.54833984375,278100,0.0,0
2007-12-21,2752.29646720467,2752.29646720467,2721.640625,2721.640625,278100,0.0,0
2007-12-25,2834.5429976547316,2886.134521484375,2834.5429976547316,2886.134521484375,278100,0.0,0
2007-12-26,2871.1808035714284,2930.9970703125,2871.1808035714284,2930.9970703125,278100,0.0,0
2007-12-27,2930.9969278971353,2930.9969278971353,2871.1806640625,2871.1806640625,278100,0.0,0
2008-01-07,2646.8693094308037,2646.8693094308037,2616.961181640625,2616.961181640625,278100,0.0,0
2008-01-08,2631.9160814606744,2661.82421875,2609.48497849368,2661.82421875,651500,0.0,0
2008-01-09,2661.824141372097,2736.594482421875,2661.824141372097,2736.594482421875,651500,0.0,0
2008-01-10,2677.5259908268963,2677.5259908268963,2661.82421875,2661.82421875,651500,0.0,0
2008-01-11,2613.9707502498186,2613.9707502498186,2572.099365234375,2572.099365234375,651500,0.0,0
2008-01-15,2573.59455110481,2573.59455110481,2482.374755859375,2482.374755859375,651500,0.0,0
2008-01-16,2370.219535064697,2437.5128341674804,2332.834368896484,2392.650634765625,811600,0.0,0
2008-01-17,2534.7142855060633,2534.7142855060633,2437.5128527285447,2504.80615234375,726400,0.0,0
2008-01-18,2474.8980692083182,2699.2090724598274,2474.8980692083182,2631.915771484375,437200,0.0,0
2008-01-21,2594.530727751359,2661.824031929348,2579.57666015625,2579.57666015625,636300,0.0,0
2008-01-22,2452.4673346024524,2467.421403715882,2355.26588536516,2362.742919921875,571700,0.0,0
2008-01-23,2501.0671850133826,2501.0671850133826,2422.558349609375,2422.558349609375,571700,0.0,0
2008-01-24,2580.0842377726767,2580.0842377726767,2572.099365234375,2572.099365234375,571700,0.0,0
2008-01-25,2744.0709107427115,2818.8412352861096,2744.0709107427115,2788.93310546875,703600,0.0,0
2008-01-28,2760.5210718047756,2760.5210718047756,2661.82421875,2661.82421875,703600,0.0,0
2008-01-29,2712.6675070780825,2744.071044921875,2712.6675070780825,2744.071044921875,703600,0.0,0
2008-01-30,2762.763981641169,2762.763981641169,2684.255126953125,2684.255126953125,703600,0.0,0
2008-01-31,2744.071506219161,2841.27294921875,2729.1174380653783,2841.27294921875,703600,0.0,0
2008-02-01,2766.50242420393,2796.410558519648,2736.5942898882117,2759.025390625,311800,0.0,0
2008-02-04,2796.410487353645,2833.795654296875,2796.410487353645,2833.795654296875,311800,0.0,0
2008-02-05,2714.163363522046,2736.5944656999145,2676.7781932255994,2729.117431640625,271900,0.0,0
2008-02-06,2590.044455866228,2590.044455866228,2557.1455078125,2557.1455078125,271900,0.0,0
2008-02-07,2444.989886019123,2504.80615234375,2444.989886019123,2504.80615234375,271900,0.0,0
2008-02-08,2497.3288206537086,2504.8058530508756,2467.4206910650414,2482.374755859375,306000,0.0,0
2008-02-12,2483.870388913803,2483.870388913803,2474.89794921875,2474.89794921875,306000,0.0,0
2008-02-13,2534.7141030649036,2534.7141030649036,2430.03564453125,2430.03564453125,312900,0.0,0
2008-02-14,2534.7145557892627,2624.43896484375,2527.2375217013887,2624.43896484375,312900,0.0,0
2008-02-15,2624.438530356197,2661.8236946062857,2579.5763332560914,2646.86962890625,465100,0.0,0
2008-02-18,2657.3379981566013,2661.82421875,2657.3379981566013,2661.82421875,465100,0.0,0
2008-02-19,2684.254935417386,2744.07120138769,2676.777902171098,2706.68603515625,467000,0.0,0
2008-02-20,2729.1166608537947,2736.5936928013393,2616.961181640625,2616.961181640625,467000,0.0,0
2008-02-21,2651.356144547663,2669.301025390625,2651.356144547663,2669.301025390625,467000,0.0,0
2008-02-22,2621.44771721619,2646.86962890625,2621.44771721619,2646.86962890625,467000,0.0,0
2008-02-25,2729.1175464917255,2796.410855857275,2706.6864433698756,2781.456787109375,448900,0.0,0
2008-02-26,2811.3644667028743,2833.7955661712485,2788.9333672345006,2796.410400390625,403500,0.0,0
2008-02-27,2826.3188308189656,2841.2728987068963,2811.3647629310344,2818.841796875,403500,0.0,0
2008-02-28,2773.979642526727,2863.7040514494242,2773.979642526727,2841.27294921875,292000,0.0,0
2008-02-29,2759.025373375934,2773.9794404403024,2714.16317218283,2751.54833984375,292400,0.0,0
2008-03-03,2572.0991577854047,2598.3715439964235,2557.145092914559,2587.05322265625,292400,0.0,0
2008-03-04,2587.0538391293326,2594.5308733464694,2527.237565392238,2534.714599609375,379900,0.0,0
2008-03-05,2530.9757864815847,2530.9757864815847,2512.283203125,2512.283203125,379900,0.0,0
2008-03-06,2557.145281466381,2616.9615453603315,2557.145281466381,2564.622314453125,326900,0.0,0
2008-03-07,2564.6225459401203,2564.6225459401203,2452.467041015625,2452.467041015625,326900,0.0,0
2008-03-10,2403.866326787669,2403.866326787669,2347.78857421875,2347.78857421875,326900,0.0,0
2008-03-11,2295.44935515873,2355.265625,2250.5871527777776,2355.265625,572300,0.0,0
2008-03-12,2415.0817166989127,2422.558749877547,2385.173583984375,2385.173583984375,572300,0.0,0
2008-03-13,2295.449253514361,2332.8344205097087,2290.5926501554195,2310.4033203125,572300,0.0,0
2008-03-14,2265.541225699491,2273.018259447674,2209.463472588118,2250.587158203125,328600,0.0,0
2008-03-17,2258.811387331228,2258.811387331228,2145.908203125,2145.908203125,328600,0.0,0
2008-03-18,2157.1245036655005,2164.601538340251,2145.7574394761277,2153.385986328125,328600,0.0,0
2008-03-19,2153.3854078836425,2216.940185546875,2153.3854078836425,2216.940185546875,328600,0.0,0
2008-03-21,2258.064153604233,2340.3115234375,2250.587119983027,2340.3115234375,328600,0.0,0
2008-03-24,2348.5361214090663,2385.173583984375,2348.5361214090663,2385.173583984375,328600,0.0,0
2008-03-25,2437.512973692359,2452.467041015625,2437.512973692359,2452.467041015625,328600,0.0,0
2008-03-26,2437.2810127690154,2437.2810127690154,2368.9460311025946,2414.502685546875,349300,50.0,0
2008-03-27,2368.9462890625,2391.7246187650244,2353.7607359274843,2368.9462890625,206000,0.0,0
2008-03-28,2475.2453538848135,2515.0953848855343,2475.2453538848135,2490.430908203125,206000,0.0,0
2008-03-31,2581.543718820595,2581.543718820595,2520.801513671875,2520.801513671875,206000,0.0,0
2008-04-01,2520.801513671875,2520.801513671875,2520.801513671875,2520.801513671875,206000,0.0,0
2008-04-02,2520.801922865317,2695.435791015625,2520.801922865317,2695.435791015625,206000,0.0,0
2008-04-03,2701.50995975299,2816.920166015625,2701.50995975299,2816.920166015625,206000,0.0,0
2008-04-04,2854.88379691689,2854.88379691689,2832.10546875,2832.10546875,206000,0.0,0
2008-04-07,2947.5158301755378,3044.703369140625,2947.5158301755378,3044.703369140625,206000,0.0,0
2008-04-08,2946.7971084846777,2946.7971084846777,2854.88427734375,2854.88427734375,206000,0.0,0
2008-04-09,2855.6436117435687,2855.6436117435687,2748.58544921875,2748.58544921875,206000,0.0,0
2008-04-10,2672.6575100806454,2672.6575100806454,2589.136962890625,2589.136962890625,206000,0.0,0
2008-04-11,2590.6556775509325,2748.58544921875,2590.6556775509325,2748.58544921875,206000,0.0,0
2008-04-14,2745.547892651297,2745.547892651297,2634.693359375,2634.693359375,206000,0.0,0
2008-04-15,2688.602056607333,2688.602056607333,2672.6572265625,2672.6572265625,206000,0.0,0
2008-04-16,2673.416688991237,2809.327392578125,2673.416688991237,2809.327392578125,206000,0.0,0
2008-04-17,2862.4768263824544,2862.4768263824544,2816.920166015625,2816.920166015625,206000,0.0,0
2008-04-18,2778.9562921938686,2794.141845703125,2778.9562921938686,2794.141845703125,206000,0.0,0
2008-04-21,2853.3654811197916,2853.3654811197916,2847.291259765625,2847.291259765625,206000,0.0,0
2008-04-22,2771.363528744205,2771.363528744205,2763.770751953125,2763.770751953125,206000,0.0,0
2008-04-23,2832.8649872968545,2839.698486328125,2832.8649872968545,2839.698486328125,206000,0.0,0
2008-04-24,2892.84790683233,2900.4406834906827,2854.8840235405673,2877.662353515625,222600,0.0,0
2008-04-25,2900.440673828125,2900.440673828125,2900.440673828125,2900.440673828125,222600,0.0,0
2008-04-28,3187.447756703088,3187.447756703088,3181.3735351562505,3181.37353515625,222600,0.0,0
2008-04-30,3159.904554036418,3159.904554036418,3143.409912109375,3143.409912109375,222600,0.0,0
2008-05-01,3272.486806280602,3295.26513671875,3272.486806280602,3295.26513671875,222600,0.0,0
2008-05-02,3329.92407972551,3356.007568359375,3329.92407972551,3356.007568359375,222600,0.0,0
2008-05-07,3318.336355997288,3318.336355997288,3287.67236328125,3287.67236328125,222600,0.0,0
2008-05-08,3403.082303817958,3403.082303817958,3325.635986328125,3325.635986328125,222600,0.0,0
2008-05-09,3318.8032595334353,3318.8032595334353,3257.3017578124995,3257.3017578125,222600,0.0,0
2008-05-12,3325.6357377485797,3340.8212890625,3325.6357377485797,3340.8212890625,222600,0.0,0
2008-05-13,3378.7861240736856,3393.9716796875,3378.7861240736856,3393.9716796875,222600,0.0,0
2008-05-14,3393.970725471968,3393.970725471968,3318.04296875,3318.04296875,222600,0.0,0
2008-05-15,3387.183556458448,3387.183556458448,3356.007568359375,3356.007568359375,222600,0.0,0
2008-05-16,3416.750004349944,3416.750004349944,3409.1572265625,3409.1572265625,222600,0.0,0
2008-05-19,3380.3037224786935,3380.3037224786935,3340.8212890625,3340.8212890625,222600,0.0,0
2008-05-20,3340.8215558087386,3340.8215558087386,3280.079345703125,3280.079345703125,222600,0.0,0
2008-05-21,3151.002685546875,3151.002685546875,3151.002685546875,3151.002685546875,222600,0.0,0
2008-05-22,3094.4734438153955,3188.966064453125,3094.4734438153955,3188.966064453125,222600,0.0,0
2008-05-23,3204.1518485591096,3219.33740234375,3204.1518485591096,3219.33740234375,222600,0.0,0
2008-05-26,3191.2444362864776,3191.2444362864776,3097.853271484375,3097.853271484375,222600,0.0,0
2008-05-27,3179.8544734338407,3242.115234375,3179.8544734338407,3242.115234375,222600,0.0,0
2008-05-28,3205.670172409784,3205.670172409784,3188.966064453125,3188.966064453125,222600,0.0,0
2008-05-29,3190.484619721912,3190.484619721912,3188.966064453125,3188.966064453125,222600,0.0,0
2008-05-30,3187.4477191587935,3264.89404296875,3187.4477191587935,3264.89404296875,222600,0.0,0
2008-06-02,3492.677224136777,3545.8266601562495,3492.677224136777,3545.82666015625,222600,0.0,0
2008-06-03,3491.4240261200466,3491.4240261200466,3485.083984375,3485.083984375,222600,0.0,0
2008-06-04,3558.070841501734,3659.718017578125,3558.070841501734,3659.718017578125,222600,0.0,0
2008-06-05,3644.532465637967,3659.718017578125,3608.0871409815873,3659.718017578125,222600,0.0,0
2008-06-06,3669.5889086394614,3669.5889086394614,3568.6049804687495,3568.60498046875,222600,0.0,0
2008-06-09,3515.455327561517,3515.455327561517,3500.269775390625,3500.269775390625,222600,0.0,0
2008-06-10,3500.2703132629395,3500.2703132629395,3401.564208984375,3401.564208984375,222600,0.0,0
2008-06-11,3401.5640261627905,3401.5640261627905,3264.89404296875,3264.89404296875,222600,0.0,0
2008-06-12,3196.5593384373133,3196.5593384373133,3173.781005859375,3173.781005859375,222600,0.0,0
2008-06-13,3128.22412109375,3128.22412109375,3128.22412109375,3128.22412109375,222600,0.0,0
2008-06-16,3117.5941919866596,3219.33740234375,3117.5941919866596,3219.33740234375,222600,0.0,0
2008-06-17,3217.8186234215755,3217.8186234215755,3166.187744140625,3166.187744140625,222600,0.0,0
2008-06-18,3128.2238537016365,3188.966064453125,3128.2238537016365,3188.966064453125,222600,0.0,0
2008-06-19,3052.2961456222724,3059.88892210392,3006.739486732388,3044.703369140625,335600,0.0,0
2008-06-20,2966.497853841146,2966.497853841146,2847.291259765625,2847.291259765625,335600,0.0,0
2008-06-23,2798.6975084423693,2801.734619140625,2798.6975084423693,2801.734619140625,335600,0.0,0
2008-06-24,2847.29102086126,2847.29102086126,2832.10546875,2832.10546875,335600,0.0,0
2008-06-25,2726.839323686312,2771.36328125,2726.839323686312,2771.36328125,335600,0.0,0
2008-06-26,2797.1787146628067,2797.1787146628067,2786.5488281250005,2786.548828125,335600,0.0,0
2008-06-27,2722.0107483423058,2722.0107483423058,2710.62158203125,2710.62158203125,335600,0.0,0
2008-06-30,2712.1398730737774,2756.177978515625,2712.1398730737774,2756.177978515625,335600,0.0,0
2008-07-01,2756.937006635274,2771.36328125,2756.937006635274,2771.36328125,335600,0.0,0
2008-07-02,2771.3638279580664,2771.3638279580664,2665.06494140625,2665.06494140625,335600,0.0,0
2008-07-03,2665.824174642826,2748.58544921875,2665.824174642826,2748.58544921875,335600,0.0,0
2008-07-04,2751.622572466922,2751.622572466922,2725.80712890625,2725.80712890625,335600,0.0,0
2008-07-07,2790.345216174217,2790.345216174217,2786.5488281250005,2786.548828125,335600,0.0,0
2008-07-08,2695.435791015625,2695.435791015625,2695.435791015625,2695.435791015625,335600,0.0,0
2008-07-09,2748.585469734769,2748.585469734769,2710.62158203125,2710.62158203125,335600,0.0,0
2008-07-10,2747.022759532342,2778.95654296875,2747.022759532342,2778.95654296875,335600,0.0,0
2008-07-11,2778.956579897584,2778.956579897584,2710.62158203125,2710.62158203125,335600,0.0,0
2008-07-14,2816.920446575017,2816.920446575017,2748.58544921875,2748.58544921875,335600,0.0,0
2008-07-15,2699.991478163055,2699.991478163055,2649.879150390625,2649.879150390625,335600,0.0,0
2008-07-16,2596.7294781159944,2634.693359375,2596.7294781159944,2634.693359375,335600,0.0,0
2008-07-17,2692.398915933561,2710.62158203125,2692.398915933561,2710.62158203125,335600,0.0,0
2008-07-18,2710.621085611979,2733.3994140625,2710.621085611979,2733.3994140625,335600,0.0,0
2008-07-22,2794.1420978483607,2794.1420978483607,2687.843213691086,2778.95654296875,277500,0.0,0
2008-07-23,2809.327379522477,2839.698486328125,2809.327379522477,2839.698486328125,277500,0.0,0
2008-07-24,2854.8835259472153,2930.811279296875,2854.8835259472153,2930.811279296875,277500,0.0,0
2008-07-25,2930.8120917648566,2930.8120917648566,2778.95654296875,2778.95654296875,277500,0.0,0
2008-07-28,2794.1418358322103,2816.920166015625,2794.1418358322103,2816.920166015625,277500,0.0,0
2008-07-29,2791.864002813869,2816.920166015625,2791.864002813869,2816.920166015625,277500,0.0,0
2008-07-30,2978.646489245324,2978.646489245324,2968.77587890625,2968.77587890625,277500,0.0,0
2008-07-31,2961.6514811287943,3173.781005859375,2961.6514811287943,3173.781005859375,277500,0.0,0
2008-08-01,3176.817919560185,3176.817919560185,3075.07470703125,3075.07470703125,277500,0.0,0
2008-08-04,3006.6346712019945,3006.6346712019945,2945.99755859375,2945.99755859375,277500,0.0,0
2008-08-05,2950.4805328720618,2950.4805328720618,2870.069580078125,2870.069580078125,277500,0.0,0
2008-08-06,2868.55092952077,3113.038330078125,2868.55092952077,3113.038330078125,277500,0.0,0
2008-08-07,3030.2775588463096,3082.667724609375,3030.2775588463096,3082.667724609375,277500,0.0,0
2008-08-08,2983.961151350225,3059.888916015625,2983.961151350225,3059.888916015625,277500,0.0,0
2008-08-11,3024.202866622887,3059.888916015625,3024.202866622887,3059.888916015625,277500,0.0,0
2008-08-12,3077.735364310411,3120.6315917968755,3077.735364310411,3120.631591796875,277500,0.0,0
2008-08-13,3118.3537881076923,3118.3537881076923,3067.4821777343745,3067.482177734375,277500,0.0,0
2008-08-14,3061.407249365482,3061.407249365482,2991.5537109375,2991.5537109375,277500,0.0,0
2008-08-15,3072.037115691076,3072.037115691076,3052.2958984375,3052.2958984375,277500,0.0,0
2008-08-18,3083.4262894060143,3083.4262894060143,3021.9248046875,3021.9248046875,277500,0.0,0
2008-08-19,2964.2194850578403,2964.2194850578403,2953.589599609375,2953.589599609375,277500,0.0,0
2008-08-20,2952.0710445453083,2953.589599609375,2952.0710445453083,2953.589599609375,277500,0.0,0
2008-08-21,2916.3855210362444,2916.3855210362444,2862.476806640625,2862.476806640625,277500,0.0,0
2008-08-22,2863.995405595381,2863.995405595381,2763.770751953125,2763.770751953125,277500,0.0,0
2008-08-25,2765.289271484375,2847.291259765625,2765.289271484375,2847.291259765625,277500,0.0,0
2008-08-26,2778.9562823766005,2816.920166015625,2778.9562823766005,2816.920166015625,277500,0.0,0
2008-08-27,2794.9011367965527,2794.9011367965527,2763.770751953125,2763.770751953125,277500,0.0,0
2008-08-28,2748.5851786845437,2809.327392578125,2748.5851786845437,2809.327392578125,277500,0.0,0
2008-08-29,2810.845922076513,2870.069580078125,2810.845922076513,2870.069580078125,277500,0.0,0
2008-09-01,2870.069872246414,2870.069872246414,2778.95654296875,2778.95654296875,277500,0.0,0
2008-09-02,2852.3626464652175,2852.3626464652175,2801.734619140625,2801.734619140625,277500,0.0,0
2008-09-03,2836.39574954476,2836.39574954476,2816.920166015625,2816.920166015625,277500,0.0,0
2008-09-04,2816.1606549088897,2816.1606549088897,2786.5488281250005,2786.548828125,277500,0.0,0
2008-09-05,2657.471439756196,2657.471439756196,2642.285888671875,2642.285888671875,277500,0.0,0
2008-09-08,2930.812251443395,2938.405029296875,2930.812251443395,2938.405029296875,277500,0.0,0
2008-09-09,2938.404560239296,2938.404560239296,2892.847900390625,2892.847900390625,277500,0.0,0
2008-09-10,2961.1828278425032,3044.703369140625,2953.590051360856,3044.703369140625,277500,0.0,0
2008-09-11,2945.998087993421,2945.998087993421,2885.255859375,2885.255859375,277500,0.0,0
2008-09-12,2908.7929391534126,2968.77587890625,2908.7929391534126,2968.77587890625,277500,0.0,0
2008-09-16,2969.535291686671,2969.535291686671,2718.21435546875,2718.21435546875,277500,0.0,0
2008-09-17,2847.291042380137,2847.291042380137,2771.36328125,2771.36328125,277500,0.0,0
2008-09-18,2771.3637857622057,2771.3637857622057,2740.99267578125,2740.99267578125,277500,0.0,0
2008-09-19,3095.575425731353,3120.6315917968755,3095.575425731353,3120.631591796875,277500,0.0,0
2008-09-22,3271.7270573981455,3271.7270573981455,3249.7080078125,3249.7080078125,277500,0.0,0
2008-09-24,3249.708979822261,3257.3017578124995,3249.708979822261,3257.3017578125,277500,0.0,0
2008-09-25,3232.2451161559197,3234.52294921875,3232.2451161559197,3234.52294921875,277500,0.0,0
2008-09-26,3143.409435737424,3151.002212152249,3082.667224418826,3113.038330078125,283200,0.0,0
2008-09-29,3114.556906574713,3114.556906574713,3059.888916015625,3059.888916015625,283200,0.0,0
2008-09-30,3061.40701505829,3061.40701505829,2930.811279296875,2930.811279296875,283200,0.0,0
2008-10-01,2930.8118033854166,2930.8118033854166,2847.291259765625,2847.291259765625,283200,0.0,0
2008-10-02,2850.3283903127117,2850.3283903127117,2801.734619140625,2801.734619140625,283200,0.0,0
2008-10-03,2718.9736291401896,2725.80712890625,2718.9736291401896,2725.80712890625,283200,0.0,0
2008-10-06,2712.139677143372,2712.139677143372,2634.693359375,2634.693359375,283200,0.0,0
2008-10-07,2501.5862413349437,2543.580078125,2501.5862413349437,2543.580078125,283200,0.0,0
2008-10-08,2544.3391411254124,2544.3391411254124,2444.873779296875,2444.873779296875,283200,0.0,0
2008-10-09,2567.5159916708626,2567.5159916708626,2520.801513671875,2520.801513671875,283200,0.0,0
2008-10-10,2397.798569881842,2444.873779296875,2397.798569881842,2444.873779296875,283200,0.0,0
2008-10-14,2828.3095722813764,2828.3095722813764,2824.51318359375,2824.51318359375,283200,0.0,0
2008-10-15,2845.013398170471,2915.626220703125,2845.013398170471,2915.626220703125,283200,0.0,0
2008-10-16,2915.625808189655,2915.625808189655,2642.285888671875,2642.285888671875,283200,0.0,0
2008-10-17,2677.212892289595,2677.212892289595,2672.6572265625,2672.6572265625,283200,0.0,0
2008-10-20,2674.175966664907,2809.327392578125,2674.175966664907,2809.327392578125,283200,0.0,0
2008-10-21,2872.770253018459,2872.770253018459,2847.291259765625,2847.291259765625,283200,0.0,0
2008-10-22,2728.1872627268035,2728.1872627268035,2649.879150390625,2649.879150390625,283200,0.0,0
2008-10-23,2471.7451102309437,2543.580078125,2471.7451102309437,2543.580078125,283200,0.0,0
2008-10-24,2163.941650390625,2163.941650390625,2163.941650390625,2163.941650390625,283200,0.0,0
2008-10-27,1860.2305908203125,1860.2305908203125,1860.2305908203125,1860.2305908203125,283200,0.0,0
2008-10-28,1672.165292390496,1883.0089111328125,1672.165292390496,1883.0089111328125,283200,0.0,0
2008-10-29,1884.527071788699,1958.9362792968748,1884.527071788699,1958.936279296875,283200,0.0,0
2008-10-30,2050.049560546875,2050.049560546875,2050.049560546875,2050.049560546875,283200,0.0,0
2008-10-31,2053.8461038442756,2053.8461038442756,1974.1219482421873,1974.1219482421875,283200,0.0,0
2008-11-04,1976.3998271969194,2141.1630859375,1976.3998271969194,2141.1630859375,336100,0.0,0
2008-11-05,2140.403473241581,2444.873779296875,2140.403473241581,2444.873779296875,336100,0.0,0
2008-11-06,2444.87460872827,2444.87460872827,2293.01904296875,2293.01904296875,336100,0.0,0
2008-11-07,2293.0186039402174,2293.0186039402174,2182.92333984375,2182.92333984375,336100,0.0,0
2008-11-10,2360.594745171264,2360.594745171264,2330.98291015625,2330.98291015625,336100,0.0,0
2008-11-11,2333.260058848063,2333.260058848063,2186.719482421875,2186.719482421875,336100,0.0,0
2008-11-12,2251.258320951216,2251.258320951216,2205.70166015625,2205.70166015625,336100,0.0,0
2008-11-13,2070.5502726310033,2114.58837890625,2070.5502726310033,2114.58837890625,336100,0.0,0
2008-11-14,2116.1069467329544,2116.1069467329544,2088.013671875,2088.013671875,336100,0.0,0
2008-11-17,2049.2904378098706,2049.2904378098706,1974.1219482421873,1974.1219482421875,336100,0.0,0
2008-11-18,1976.3997302091575,1976.3997302091575,1799.488037109375,1799.488037109375,336100,0.0,0
2008-11-19,1888.323492864953,1888.323492864953,1871.619384765625,1871.619384765625,336100,0.0,0
2008-11-20,1871.6195822877862,1871.6195822877862,1719.7640380859375,1719.7640380859375,336100,0.0,0
2008-11-21,1721.28260307312,1721.28260307312,1700.7821044921875,1700.7821044921875,336100,0.0,0
2008-11-25,1703.8192341878741,1901.9907226562498,1703.8192341878741,1901.99072265625,22900,0.0,0
2008-11-26,1903.5090755414358,1903.5090755414358,1799.488037109375,1799.488037109375,22900,0.0,0
2008-11-27,1910.3187201246765,1932.362060546875,1910.3187201246765,1932.362060546875,22900,0.0,0
2008-11-28,1932.3616811136212,1962.7327880859373,1932.3616811136212,1962.7327880859375,22900,0.0,0
2008-12-01,1964.2514968110652,1964.2514968110652,1901.9907226562498,1901.99072265625,22900,0.0,0
2008-12-02,1901.9905335258518,1901.9905335258518,1769.116943359375,1769.116943359375,22900,0.0,0
2008-12-03,1785.0617710211338,1785.0617710211338,1776.7097167968752,1776.709716796875,22900,0.0,0
2008-12-04,1691.670781382266,1691.670781382266,1681.8001708984377,1681.8001708984375,22900,0.0,0
2008-12-05,1683.3184847669538,1683.3184847669538,1674.2071533203125,1674.2071533203125,22900,0.0,0
2008-12-08,1725.8382468049424,1746.3387451171877,1725.8382468049424,1746.3387451171875,22900,0.0,0
2008-12-09,1828.8017789382695,1828.8017789382695,1826.0627441406248,1826.062744140625,22900,0.0,0
2008-12-10,1827.5815047639096,1901.9907226562498,1827.5815047639096,1901.99072265625,22900,0.0,0
2008-12-11,1883.7679294457766,1917.1761474609377,1883.7679294457766,1917.1761474609375,22900,0.0,0
2008-12-12,1918.6944916472305,1918.6944916472305,1818.4698486328125,1818.4698486328125,22900,0.0,0
2008-12-15,1873.1376967019182,1873.1376967019182,1867.82275390625,1867.82275390625,22900,0.0,0
2008-12-16,1867.8229906784456,1886.804931640625,1867.8229906784456,1886.804931640625,356900,0.0,0
2008-12-17,1888.3237234515343,1901.9907226562498,1888.3237234515343,1901.99072265625,242900,0.0,0
2008-12-18,1838.9705799975836,1841.2484130859375,1838.9705799975836,1841.2484130859375,200600,0.0,0
2008-12-19,1842.766964966071,1848.8411865234377,1842.766964966071,1848.8411865234375,127400,0.0,0
2008-12-22,1848.8417732007576,1879.212890625,1848.8417732007576,1879.212890625,66500,0.0,0
2008-12-24,1880.7307590992154,1880.7307590992154,1769.116943359375,1769.116943359375,107100,0.0,0
2008-12-25,1735.9906258942,1735.9906258942,1734.9495849609375,1734.9495849609375,85400,0.0,0
2008-12-26,1760.7107640699066,1761.524169921875,1760.7107640699066,1761.524169921875,79700,0.0,0
2008-12-29,1731.1529474816973,1776.7096039943735,1719.7637833535284,1750.1348876953125,150600,0.0,0
2009-01-05,1772.9133300781248,1795.691659800756,1757.727776929704,1772.913330078125,123800,0.0,0
2009-01-06,1746.3386262452236,1746.3386262452236,1738.7458496093748,1738.745849609375,181100,0.0,0
2009-01-07,1738.7463422676483,1905.7874755859377,1738.7463422676483,1905.7874755859375,408500,0.0,0
2009-01-08,1905.7866310181655,1905.7866310181655,1867.82275390625,1867.82275390625,253800,0.0,0
2009-01-09,1889.0831446505856,1889.0831446505856,1864.0269775390625,1864.0269775390625,214000,0.0,0
2009-01-13,1871.6195741482322,1871.6195741482322,1734.9495849609375,1734.9495849609375,671300,0.0,0
2009-01-14,1734.9494549639815,1753.931396484375,1734.9494549639815,1753.931396484375,126600,0.0,0
2009-01-15,1753.9313122979527,1753.9313122979527,1651.4288330078125,1651.4288330078125,252800,0.0,0
2009-01-16,1643.8361716303032,1666.614501953125,1643.8361716303032,1666.614501953125,365000,0.0,0
2009-01-19,1655.2253468713914,1655.2253468713914,1643.836181640625,1643.836181640625,216900,0.0,0
2009-01-20,1614.2241178993868,1624.85400390625,1614.2241178993868,1624.85400390625,137800,0.0,0
2009-01-21,1624.8543990130586,1624.8543990130586,1571.7049560546875,1571.7049560546875,405200,0.0,0
2009-01-22,1572.4639654668467,1636.2432861328125,1572.4639654668467,1636.2432861328125,156200,0.0,0
2009-01-23,1636.2431992867694,1636.2431992867694,1526.14794921875,1526.14794921875,280700,0.0,0
2009-01-26,1526.9074654240178,1526.9074654240178,1281.6607666015625,1281.6607666015625,1149600,0.0,0
2009-01-27,1268.7531198302815,1369.737060546875,1268.7531198302815,1369.737060546875,963100,0.0,0
2009-01-28,1369.7368417456269,1369.7368417456269,1302.1611328125,1302.1611328125,943000,0.0,0
2009-01-29,1302.9203933947665,1349.236328125,1302.9203933947665,1349.236328125,457100,0.0,0
2009-01-30,1349.236441727616,1368.2183837890625,1349.236441727616,1368.2183837890625,581400,0.0,0
2009-02-02,1368.2182658173615,1368.2182658173615,1356.8291015625,1356.8291015625,381100,0.0,0
2009-02-03,1381.1261030262624,1381.1261030262624,1371.2554931640625,1371.2554931640625,211600,0.0,0
2009-02-04,1373.5333081408894,1413.0157470703125,1373.5333081408894,1413.0157470703125,272600,0.0,0
2009-02-05,1447.9425253932714,1447.9425253932714,1400.8673095703125,1400.8673095703125,342800,0.0,0
2009-02-06,1401.626712172283,1401.626712172283,1395.552490234375,1395.552490234375,297400,0.0,0
2009-02-09,1318.8652548787118,1318.8652548787118,1265.7158203125,1265.7158203125,429100,0.0,0
2009-02-10,1308.23548555092,1308.23548555092,1235.344825880062,1283.1793212890625,350600,0.0,0
2009-02-12,1212.5662809972214,1223.1961669921875,1212.5662809972214,1223.1961669921875,339200,0.0,0
2009-02-13,1247.4935235654675,1257.3641357421875,1247.4935235654675,1257.3641357421875,347600,0.0,0
2009-02-16,1326.4580169232872,1326.4580169232872,1302.1611328125,1302.1611328125,443100,0.0,0
2009-02-17,1245.9747344353998,1245.9747344353998,1239.9005126953125,1239.9005126953125,199400,0.0,0
2009-02-18,1207.251221010607,1207.251221010607,1205.732666015625,1205.732666015625,220300,0.0,0
2009-02-19,1197.5364742393085,1206.4921875,1197.5364742393085,1206.4921875,442800,0.0,0
2009-02-20,1190.5473667308927,1190.5473667308927,1182.1953125,1182.1953125,204700,0.0,0
2009-02-23,1185.2324357064188,1185.2324357064188,1152.58349609375,1152.58349609375,302000,0.0,0
2009-02-24,1131.32373046875,1131.32373046875,1131.32373046875,1131.32373046875,248900,0.0,0
2009-02-25,1113.8605655445772,1161.695068359375,1113.8605655445772,1161.695068359375,319600,0.0,0
2009-02-26,1162.4542446651974,1162.4542446651974,1123.7310791015625,1123.7310791015625,323500,0.0,0
2009-02-27,1112.3416780834357,1112.3416780834357,1102.4710693359375,1102.4710693359375,266500,0.0,0
2009-03-02,1102.4712947341245,1137.3980712890625,1102.4712947341245,1137.3980712890625,278300,0.0,0
2009-03-03,1137.3978494530697,1137.3978494530697,1072.0999755859375,1072.0999755859375,435400,0.0,0
2009-03-04,1066.7852638992192,1092.6007080078125,1066.7852638992192,1092.6007080078125,139000,0.0,0
2009-03-05,1122.2125332111682,1122.2125332111682,1106.2677001953125,1106.2677001953125,272600,0.0,0
2009-03-06,1016.672856721698,1016.672856721698,1006.0429687499999,1006.04296875,521300,0.0,0
2009-03-09,1006.0428661837676,1006.0428661837676,955.1712646484375,955.1712646484375,299800,0.0,0
2009-03-10,959.7268047242936,967.319580078125,959.7268047242936,967.319580078125,176000,0.0,0
2009-03-11,1032.1136277455878,1032.1136277455878,1021.2285766601561,1021.2285766601562,229300,0.0,0
2009-03-12,1021.2283485185746,1021.2283485185746,970.3567504882814,970.3567504882812,256100,0.0,0
2009-03-13,970.3571255706076,1044.766357421875,970.3571255706076,1044.766357421875,289300,0.0,0
2009-03-16,1108.5452843617584,1119.9344482421875,1108.5452843617584,1119.9344482421875,308100,0.0,0
2009-03-17,1179.5870132469468,1230.0296630859375,1179.5870132469468,1230.0296630859375,531900,0.0,0
2009-03-18,1278.6235401357228,1278.6235401357228,1265.7158203125,1265.7158203125,466800,0.0,0
2009-03-19,1265.715814523748,1280.9013671875,1265.715814523748,1280.9013671875,230200,0.0,0
2009-03-23,1345.4401434715758,1427.442138671875,1345.4401434715758,1427.442138671875,580300,0.0,0
2009-03-24,1481.3507080078125,1481.3507080078125,1481.3507080078125,1481.3507080078125,580000,0.0,0
2009-03-25,1409.9785239145504,1409.9785239145504,1386.4409179687502,1386.44091796875,455100,0.0,0
2009-03-26,1534.7653345827198,1534.7653345827198,1523.8361816406252,1523.836181640625,309800,50.0,0
2009-03-27,1571.456104257318,1571.456104257318,1541.791259765625,1541.791259765625,287300,0.0,0
2009-03-30,1436.4029136419972,1436.4029136419972,1377.8538818359375,1377.8538818359375,347200,0.0,0
2009-03-31,1377.8540437802203,1377.8540437802203,1362.240966796875,1362.240966796875,511900,0.0,0
2009-04-01,1455.9192406376706,1480.1195068359375,1455.9192406376706,1480.1195068359375,350700,0.0,0
2009-04-02,1481.681006705407,1576.9207763671875,1481.681006705407,1576.9207763671875,450800,0.0,0
2009-04-03,1627.6630636596678,1627.6630636596678,1561.3074951171875,1561.3074951171875,285800,0.0,0
2009-04-06,1627.6630390792138,1627.6630390792138,1596.4368896484375,1596.4368896484375,235800,0.0,0
2009-04-07,1595.656254798833,1595.656254798833,1588.63037109375,1588.63037109375,99100,0.0,0
2009-04-08,1526.1778511853202,1526.1778511853202,1485.5838623046875,1485.5838623046875,220600,0.0,0
2009-04-09,1551.9396583927487,1608.146728515625,1551.9396583927487,1608.146728515625,185700,0.0,0
2009-04-10,1666.6958200252757,1666.6958200252757,1658.8892822265625,1658.8892822265625,198800,0.0,0
2009-04-13,1720.561133466448,1748.6646728515623,1720.561133466448,1748.6646728515625,352500,0.0,0
2009-04-14,1724.4639752280118,1725.24462890625,1724.4639752280118,1725.24462890625,310800,0.0,0
2009-04-15,1664.3537216331845,1664.3537216331845,1639.372802734375,1639.372802734375,279200,0.0,0
2009-04-16,1639.3729635385366,1639.3729635385366,1623.7598876953125,1623.7598876953125,166200,0.0,0
2009-04-17,1625.3211057530953,1635.4696044921875,1625.3211057530953,1635.4696044921875,133400,0.0,0
2009-04-20,1639.3728841145835,1639.3728841145835,1580.8238525390625,1580.8238525390625,337200,0.0,0
2009-04-21,1585.507712962832,1585.507712962832,1509.7843017578125,1509.7843017578125,282100,0.0,0
2009-04-22,1500.4163762610729,1500.4163762610729,1487.145263671875,1487.145263671875,234600,0.0,0
2009-04-23,1512.1264760393597,1512.1264760393597,1498.0747070312498,1498.07470703125,372700,0.0,0
2009-04-24,1502.269139088856,1580.8238525390625,1502.269139088856,1580.8238525390625,325600,0.0,0
2009-04-27,1582.3853533149947,1582.3853533149947,1576.9207763671875,1576.9207763671875,419100,0.0,0
2009-04-28,1615.1724527055633,1615.1724527055633,1555.8427734375,1555.8427734375,373600,0.0,0
2009-04-30,1654.205297572863,1709.6317138671873,1654.205297572863,1709.6317138671875,445900,0.0,0
2009-05-01,1858.7366890751669,1865.7625732421875,1858.7366890751669,1865.7625732421875,560500,0.0,0
2009-05-07,1859.8852126749491,2084.345458984375,1859.8852126749491,2084.345458984375,662800,0.0,0
2009-05-08,2084.3454967570756,2084.3454967570756,2068.732421875,2068.732421875,533700,0.0,0
2009-05-11,2069.5130603810117,2252.18603515625,2069.5130603810117,2252.18603515625,592800,0.0,0
2009-05-12,2245.092144405512,2245.092144405512,2115.572021484375,2115.572021484375,420800,0.0,0
2009-05-13,2103.861944901316,2150.701171875,2103.861944901316,2150.701171875,361300,0.0,0
2009-05-14,2041.4094942173283,2041.4094942173283,2037.5062255859375,2037.5062255859375,364000,0.0,0
2009-05-15,2131.965364972283,2131.965364972283,2123.378173828125,2123.378173828125,204500,0.0,0
2009-05-18,2014.867342676541,2014.867342676541,2006.2801513671873,2006.2801513671875,239300,0.0,0
2009-05-19,2115.5720003744714,2115.5720003744714,2076.539306640625,2076.539306640625,208600,0.0,0
2009-05-20,2078.100523510514,2088.2490234375,2078.100523510514,2088.2490234375,141700,0.0,0
2009-05-21,2040.4352723994775,2040.4352723994775,2033.60302734375,2033.60302734375,246800,0.0,0
2009-05-22,2063.2674808945767,2063.2674808945767,2014.0863037109375,2014.0863037109375,355500,0.0,0
2009-05-25,1993.0086563465206,2014.0863037109375,1993.0086563465206,2014.0863037109375,152400,0.0,0
2009-05-26,2101.5198552006027,2103.86181640625,2101.5198552006027,2103.86181640625,396800,0.0,0
2009-05-27,2154.60400390625,2154.60400390625,2154.60400390625,2154.60400390625,279500,0.0,0
2009-05-28,2156.165658668491,2162.410888671875,2156.165658668491,2162.410888671875,154000,0.0,0
2009-05-29,2167.875261310034,2275.60546875,2167.875261310034,2275.60546875,666800,0.0,0
2009-06-01,2325.567350396504,2334.154541015625,2325.567350396504,2334.154541015625,341200,0.0,0
2009-06-02,2334.9349481964114,2498.091552734375,2334.9349481964114,2498.091552734375,579500,0.0,0
2009-06-03,2474.6723168495973,2544.93115234375,2474.6723168495973,2544.93115234375,455200,0.0,0
2009-06-04,2622.9964488636365,2622.9964488636365,2576.1572265625,2576.1572265625,437300,0.0,0
2009-06-05,2568.2743289916903,2599.576904296875,2568.2743289916903,2599.576904296875,569700,0.0,0
2009-06-08,2638.609515543861,2638.609515543861,2630.802978515625,2630.802978515625,136900,0.0,0
2009-06-09,2610.505852141204,2610.505852141204,2529.31787109375,2529.31787109375,185500,0.0,0
2009-06-10,2540.2474220207555,2615.190185546875,2540.2474220207555,2615.190185546875,370000,0.0,0
2009-06-11,2669.835872683905,2677.6424103233317,2646.416259765625,2646.416259765625,171900,0.0,0
2009-06-12,2685.4489255046033,2779.1273763942986,2677.642387930462,2755.707763671875,269000,0.0,0
2009-06-15,2786.9339139684403,2810.353526690864,2755.707763671875,2755.707763671875,239900,0.0,0
2009-06-16,2537.12451171875,2552.737585637019,2513.704900841346,2537.12451171875,360600,0.0,0
2009-06-17,2591.7703670467345,2630.803053297438,2583.9638297965935,2599.576904296875,249100,0.0,0
2009-06-18,2513.7047978153937,2537.1244077329284,2482.4786512586807,2529.31787109375,258400,0.0,0
2009-06-19,2568.350659555288,2607.383344350961,2537.12451171875,2537.12451171875,328100,0.0,0
2009-06-22,2552.73799777973,2583.9641506577696,2552.73799777973,2568.35107421875,141200,0.0,0
2009-06-23,2459.0595703125,2474.6726469494047,2443.4464936755953,2459.0595703125,206400,0.0,0
2009-06-24,2443.44580078125,2482.4784813049123,2435.6392646765175,2443.44580078125,298000,0.0,0
2009-06-25,2443.4460682091344,2568.350659555288,2443.4460682091344,2537.12451171875,143300,0.0,0
2009-06-26,2576.1574835526317,2576.1574835526317,2474.672491776316,2521.51171875,142000,0.0,0
2009-06-29,2505.898681640625,2591.770599080023,2482.479067793516,2505.898681640625,166100,0.0,0
2009-06-30,2505.8983638822115,2576.157196514423,2498.091826923077,2537.12451171875,220300,0.0,0
2009-07-01,2521.511482335344,2552.737630723398,2459.0591855592365,2466.86572265625,271200,0.0,0
2009-07-02,2498.092157643312,2513.705233628583,2451.2529296875,2451.2529296875,144100,0.0,0
2009-07-03,2380.9936792993394,2498.0917291009464,2365.3806059924586,2474.672119140625,138800,0.0,0
2009-07-06,2466.865836063508,2505.898523342994,2412.2200738722277,2420.026611328125,167600,0.0,0
2009-07-07,2420.0266493760146,2459.059337269176,2388.8004990614854,2404.41357421875,236200,0.0,0
2009-07-08,2326.3482330003267,2326.3482330003267,2213.1534364281633,2240.476318359375,462400,0.0,0
2009-07-09,2178.023988496273,2228.766482851921,2123.3782253440368,2127.281494140625,353100,0.0,0
2009-07-10,2162.4108465474255,2170.2173838995823,2068.732398321544,2103.86181640625,193700,0.0,0
2009-07-13,2060.9259459713858,2127.281516201525,1939.924612022308,1943.827880859375,274400,0.0,0
2009-07-14,2014.0867155817627,2119.474973955227,2014.0867155817627,2045.3128662109375,316700,0.0,0
2009-07-15,2041.4096422697369,2076.5390625,1955.5377261513158,2002.376953125,343300,0.0,0
2009-07-16,2080.44241752108,2111.6685701292768,2017.9901123046877,2017.9901123046875,270000,0.0,0
2009-07-17,2068.7324490017363,2115.571674262153,2053.1193739149307,2107.76513671875,214800,0.0,0
2009-07-21,2232.6700867911836,2420.027017151283,2224.8635480261796,2357.57470703125,638700,0.0,0
2009-07-22,2287.3155709880675,2318.5417221278362,2209.250193138645,2279.509033203125,252400,0.0,0
2009-07-23,2263.89602092161,2341.96140095339,2263.89602092161,2302.9287109375,189800,0.0,0
2009-07-24,2365.3808560477,2396.6070059625213,2271.702406303237,2291.21875,315100,0.0,0
2009-07-27,2306.831526720483,2357.5740137718644,2279.5086490774315,2287.315185546875,376500,0.0,0
2009-07-28,2318.5415556066177,2330.2513614430145,2252.1859892003677,2322.44482421875,221200,0.0,0
2009-07-29,2326.3483218053343,2459.059467680135,2318.541783812699,2451.2529296875,379300,0.0,0
2009-07-30,2459.0588722229004,2521.51116104126,2427.832727813721,2498.091552734375,322400,0.0,0
2009-07-31,2552.7378194418297,2591.7705078125,2513.7051310711595,2591.7705078125,247100,0.0,0
2009-08-03,2552.7381390827454,2568.351216386004,2537.125061779487,2560.544677734375,118500,0.0,0
2009-08-04,2583.9634490873473,2638.6092017870797,2529.317696387615,2552.7373046875,184900,0.0,0
2009-08-05,2513.7050217848555,2521.5115591195913,2435.6396484375,2435.6396484375,170200,0.0,0
2009-08-06,2396.6071637390523,2498.092157643312,2396.6071637390523,2451.2529296875,90200,0.0,0
2009-08-07,2474.672543665406,2482.479081658041,2412.220239724323,2451.2529296875,96500,0.0,0
2009-08-10,2505.8987839977194,2544.931475337248,2482.479169194002,2513.705322265625,119600,0.0,0
2009-08-11,2537.1242324875766,2576.1569129873856,2505.8980880877293,2552.7373046875,70800,0.0,0
2009-08-12,2521.5117575386976,2544.931371385806,2498.0921436915887,2505.898681640625,85000,0.0,0
2009-08-13,2544.9316004311163,2630.8035255990376,2513.7054458246,2560.544677734375,221300,0.0,0
2009-08-14,2583.963813012203,2732.288019801423,2583.963813012203,2708.868408203125,320500,0.0,0
2009-08-17,2654.2222747802734,2654.2222747802734,2466.8654083251954,2498.091552734375,308300,0.0,0
2009-08-18,2459.059041341146,2583.9636275679977,2443.4459680627892,2529.31787109375,332700,0.0,0
2009-08-19,2568.3510252375586,2576.1575633081893,2466.8660303193574,2490.28564453125,173400,0.0,0
2009-08-20,2498.0921826018807,2505.8987206725114,2443.4464161074648,2490.28564453125,275500,0.0,0
2009-08-21,2505.89848445012,2529.3180964543267,2396.606961763822,2435.6396484375,231400,0.0,0
2009-08-24,2498.0921436915887,2529.318295487734,2482.479067793516,2505.898681640625,104300,0.0,0
2009-08-25,2521.5118605335306,2537.124937069342,2498.092245729814,2513.705322265625,109600,0.0,0
2009-08-26,2544.931281767696,2607.383583160768,2537.1247440935617,2591.7705078125,146200,0.0,0
2009-08-27,2552.7374810112847,2560.544017650463,2498.091724537037,2529.31787109375,175100,0.0,0
2009-08-28,2560.543840787462,2568.350376887424,2513.7046241876915,2552.7373046875,142600,0.0,0
2009-08-31,2552.7379235917597,2591.770613554936,2412.220239724323,2451.2529296875,433800,0.0,0
2009-09-02,2412.220478386279,2412.220478386279,2349.7681682662455,2357.57470703125,258200,0.0,0
2009-09-03,2365.380922777456,2365.380922777456,2302.9286211859717,2314.638427734375,152500,0.0,0
2009-09-04,2314.6381682311594,2334.1545102904443,2279.508752524447,2295.121826171875,144500,0.0,0
2009-09-07,2338.058212018095,2338.058212018095,2263.8960984482387,2271.70263671875,156900,0.0,0
2009-09-08,2287.3158581462126,2380.994323326262,2283.4125887637106,2357.57470703125,148900,0.0,0
2009-09-09,2341.9613096806493,2388.800535874262,2302.9286211859717,2314.638427734375,157900,0.0,0
2009-09-10,2341.961310891544,2412.2201502182907,2338.0580420400584,2388.800537109375,227400,0.0,0
2009-09-11,2373.187605752961,2412.2202966370555,2287.3156858079524,2306.83203125,216400,0.0,0
2009-09-14,2310.734794955205,2318.541331424648,2283.4119173121535,2287.315185546875,130300,0.0,0
2009-09-15,2283.4121846904786,2295.121990765814,2248.282766464471,2252.18603515625,133500,0.0,0
2009-09-16,2256.089299465166,2291.218717622928,2162.410851044467,2178.02392578125,280000,0.0,0
2009-09-17,2170.217477829392,2201.443628589527,2127.2815205342063,2166.314208984375,295900,0.0,0
2009-09-18,2162.4109285753516,2232.6697674099296,2103.8618962132027,2220.9599609375,261600,0.0,0
2009-09-24,2271.7022589432568,2275.6055274294135,2193.636889220121,2224.863037109375,221800,0.0,0
2009-09-25,2193.636686984491,2197.539955110798,2068.7321069426694,2099.958251953125,230800,0.0,0
2009-09-28,2084.3454491626258,2084.3454491626258,2006.280076534812,2037.5062255859375,240600,0.0,0
2009-09-29,2096.055177066201,2279.5087959155703,2092.151908580044,2224.863037109375,547300,0.0,0
2009-09-30,2185.8304872495446,2201.44356215847,2123.3781876138432,2142.89453125,287000,0.0,0
2009-10-01,2146.7978497233994,2150.701118541078,2053.1193980991056,2072.6357421875,253500,0.0,0
2009-10-02,2010.1836364629394,2057.0228668271243,2006.2803672659238,2041.4097900390625,219700,0.0,0
2009-10-05,2037.5064114657316,2092.152177290483,2037.5064114657316,2060.926025390625,133000,0.0,0
2009-10-06,2072.63603726724,2096.0556535075484,2049.2164210269325,2076.539306640625,210000,0.0,0
2009-10-07,2107.765226737081,2119.475033552287,2064.829268414659,2096.055419921875,186700,0.0,0
2009-10-08,2096.0557048289456,2103.862243766856,2045.3132017325281,2080.442626953125,153700,0.0,0
2009-10-09,2092.1518798828124,2201.443395996094,2084.345343017578,2185.830322265625,253300,0.0,0
2009-10-13,2232.6696259987957,2275.6055803449267,2197.540208806507,2228.766357421875,262300,0.0,0
2009-10-14,2248.282801218412,2248.282801218412,2131.184738654953,2162.410888671875,287100,0.0,0
2009-10-15,2193.6370908994936,2209.250166279561,2135.08805822424,2166.314208984375,257900,0.0,0
2009-10-16,2197.5403462357954,2197.5403462357954,2135.088045099432,2146.7978515625,239500,0.0,0
2009-10-19,2131.184578954646,2213.1532166067477,2123.3780420353983,2205.3466796875,166900,0.0,0
2009-10-20,2240.476318359375,2240.476318359375,2189.7338233442674,2240.476318359375,163100,0.0,0
2009-10-21,2236.5734155186556,2236.5734155186556,2185.830912199733,2193.637451171875,199700,0.0,0
2009-10-22,2193.637222178661,2193.637222178661,2115.5718406064666,2138.991455078125,184600,0.0,0
2009-10-23,2092.152125088947,2099.9586628691295,2041.4096295177596,2057.022705078125,426100,0.0,0
2009-10-26,2033.6027169294225,2049.215789612182,1932.1177444914858,1955.537353515625,770900,0.0,0
2009-10-27,1959.4407844387756,1959.4407844387756,1873.5688775510205,1912.6015625,514800,0.0,0
2009-10-28,1881.3757944576078,1924.3117565717855,1873.5692558913936,1904.79541015625,417100,0.0,0
2009-10-29,1842.3428202311197,1896.9885818481443,1826.7297454833983,1873.5689697265625,464100,0.0,0
2009-10-30,1885.2785264432073,1967.2471580276947,1885.2785264432073,1955.537353515625,462800,0.0,0
2009-11-02,1861.8589174190681,1982.860230710454,1854.0523810776883,1955.537353515625,400000,0.0,0
2009-11-04,1916.5050630235182,1920.4083319909794,1889.1821802512886,1893.08544921875,259300,0.0,0
2009-11-05,1889.1819515306124,1936.0211734693878,1861.8590720663267,1912.6015625,252500,0.0,0
2009-11-06,1885.2786560703785,1889.1819245094475,1799.4067504108582,1846.2459716796875,413100,0.0,0
2009-11-09,1854.0525685185971,1854.0525685185971,1791.6002714737601,1795.5035400390625,645900,0.0,0
2009-11-10,1834.536396254841,1869.6658166086572,1779.890631260016,1826.7298583984375,316600,0.0,0
2009-11-11,1815.019801903634,1822.8263386860153,1690.1152133855346,1725.24462890625,600000,0.0,0
2009-11-12,1682.308947639286,1717.4383688196888,1608.146836258436,1662.7926025390625,748800,0.0,0
2009-11-13,1678.4056013959892,1701.825214438724,1639.3729129914313,1694.0186767578125,729600,0.0,0
2009-11-16,1643.2761804052147,1651.0827180793488,1604.2434920345445,1619.8565673828125,269100,0.0,0
2009-11-17,1612.0498934117759,1643.2760414681782,1588.6302823694741,1600.340087890625,235100,0.0,0
2009-11-18,1576.9205985770927,1608.1467490439659,1514.4682976433464,1559.7462158203125,226600,0.0,0
2009-11-19,1580.8237227925492,1580.8237227925492,1498.0744316241492,1526.9586181640625,355300,0.0,0
2009-11-20,1480.119501111006,1596.436909162451,1480.119501111006,1548.036376953125,391800,0.0,0
2009-11-24,1569.1142059055821,1580.8240134123403,1462.1646306771918,1498.07470703125,310900,0.0,0
2009-11-25,1459.8224262032975,1493.3905354689348,1431.7188928646244,1484.8033447265625,572400,0.0,0
2009-11-26,1484.8034324626838,1576.9205749603686,1484.8034324626838,1554.2816162109375,385100,0.0,0
2009-11-27,1507.4424242939162,1561.3075342246673,1494.951964020119,1525.3974609375,481500,0.0,0
2009-11-30,1560.5268810593939,1619.8565673828125,1546.4751132459526,1619.8565673828125,332500,0.0,0
2009-12-01,1604.2432793511284,1686.2119140625,1569.1138644748264,1686.2119140625,370900,0.0,0
2009-12-02,1709.631560994086,1721.3413662063742,1651.0825349326446,1670.598876953125,352300,0.0,0
2009-12-03,1678.4055131087314,1717.4381994600972,1678.4055131087314,1705.7283935546875,290900,0.0,0
2009-12-04,1721.3414006421294,1729.1479376064929,1662.792373409404,1682.3087158203125,214600,0.0,0
2009-12-07,1678.405450784935,1682.3087192751327,1619.8564234319722,1654.98583984375,616200,0.0,0
2009-12-08,1639.3729176240809,1658.8892618815105,1573.0173471488206,1592.53369140625,485000,0.0,0
2009-12-09,1561.3075013068478,1561.3075013068478,1478.558203737585,1493.390625,577000,0.0,0
2009-12-10,1467.629179946621,1474.6550643187059,1407.5188358743392,1412.2027587890625,739000,0.0,0
2009-12-11,1436.402823096071,1469.190278840655,1423.9123637648008,1450.45458984375,484000,0.0,0
2009-12-14,1483.2421978779223,1534.7653479094713,1459.0419304388615,1469.1904296875,413400,0.0,0
2009-12-15,1469.1904131591166,1526.1781390680515,1445.770799771883,1510.5650634765625,401600,0.0,0
2009-12-16,1576.9207388976092,1596.4370846760448,1533.9847781850503,1538.668701171875,479500,0.0,0
2009-12-17,1542.5719010416667,1554.2817079827726,1514.4683643830128,1522.27490234375,316800,0.0,0
2009-12-18,1506.6617056039663,1552.7202758789062,1494.9518996018628,1542.57177734375,302300,0.0,0
2009-12-21,1522.2748628360237,1580.8238960220244,1506.6617873197567,1558.1849365234375,171800,0.0,0
2009-12-22,1580.8238286557405,1619.8565157830428,1560.5268313495435,1615.9532470703125,210400,0.0,0
2009-12-24,1678.4055131087314,1729.1480053655068,1647.1793640276387,1705.7283935546875,473900,0.0,0
2009-12-25,1678.405563842216,1713.5349826203087,1619.8565325453944,1709.6317138671875,252100,0.0,0
2009-12-28,1733.0514168760324,1799.4069891438085,1697.9219962636803,1772.0841064453125,328600,0.0,0
2009-12-29,1768.1805784229714,1791.6001887332093,1733.0511629576142,1752.5675048828125,188700,0.0,0
2009-12-30,1733.0512509196326,1748.664325252242,1725.2447137533281,1740.8577880859375,116500,0.0,0
2010-01-04,1729.147963278339,1730.7092706943915,1695.5798538332065,1728.3673095703125,133600,0.0,0
2010-01-05,1767.40018737019,1815.8007225366882,1767.40018737019,1785.355224609375,165700,0.0,0
2010-01-06,1802.5298339429428,1840.7818745939624,1772.8649860911316,1840.001220703125,195000,0.0,0
2010-01-07,1857.1754442451415,1939.1440956304882,1856.394790422424,1889.1822509765625,422400,0.0,0
2010-01-08,1912.6018207965942,1920.408358840662,1878.2530534026962,1911.8211669921875,177700,0.0,0
2010-01-12,1861.8589259983082,1919.6272951907085,1846.2458532436053,1914.1627197265625,385500,0.0,0
2010-01-13,1904.0140938322156,1974.2729164828509,1886.8397149620603,1900.8914794921875,234900,0.0,0
2010-01-14,1939.924330555854,1988.324857112982,1907.1368770816707,1986.7635498046875,258500,0.0,0
2010-01-15,1990.6669589612611,2005.499379439796,1946.950351235053,1978.9571533203125,204400,0.0,0
2010-01-18,1939.9245554606118,1967.2474365234373,1928.2147492908296,1967.2474365234375,117900,0.0,0
2010-01-19,1951.6342625473485,1978.9571422230115,1924.3113828716857,1932.117919921875,143600,0.0,0
2010-01-20,1952.414958613872,1956.3182272236559,1898.5498517988551,1909.47900390625,171300,0.0,0
2010-01-21,1952.4152289879519,1956.3184981382678,1843.1236927791101,1935.2408447265625,329200,0.0,0
2010-01-22,1908.6985965445024,1908.6985965445024,1853.2721751315535,1889.1822509765625,343300,0.0,0
2010-01-25,1838.4394942573879,1857.9558370838995,1733.0512429942255,1795.5035400390625,385400,0.0,0
2010-01-26,1756.470731144698,1792.3807994258784,1707.2895506726463,1754.909423828125,527400,0.0,0
2010-01-27,1754.9096120383524,1755.6902657803623,1700.2638500976564,1717.438232421875,433900,0.0,0
2010-01-28,1755.6903911032568,1832.1944632811665,1754.1290835077891,1825.1685791015625,455500,0.0,0
2010-01-29,1779.890665653676,1786.1358960594785,1722.122284400004,1743.9805908203125,301300,0.0,0
2010-02-01,1722.903025059782,1756.471140183285,1694.0188329767682,1718.999755859375,328300,0.0,0
2010-02-02,1710.41223461597,1710.41223461597,1656.5471300114507,1683.08935546875,514900,0.0,0
2010-02-03,1701.8249517165887,1768.180511760584,1690.8958006505188,1749.44482421875,398900,0.0,0
2010-02-04,1719.780304131141,1726.8061882605919,1609.7081194364107,1623.7598876953125,725900,0.0,0
2010-02-05,1545.6944378022465,1600.3402007548511,1515.248941300081,1594.094970703125,408100,0.0,0
2010-02-08,1562.088237472223,1619.075964276557,1560.5269298885428,1569.894775390625,328900,0.0,0
2010-02-09,1546.4749604207607,1569.8945711287984,1494.1711631728097,1526.9586181640625,446000,0.0,0
2010-02-10,1570.675354278702,1592.533659407829,1553.500971677245,1560.52685546875,341500,0.0,0
2010-02-12,1591.7529246767008,1613.6112286938403,1547.2556629275236,1578.4818115234375,193500,0.0,0
2010-02-15,1603.4629248838414,1603.4629248838414,1531.6427744021894,1541.0106201171875,215200,0.0,0
2010-02-16,1561.3074342942748,1576.1398549200703,1546.475013668479,1571.4559326171875,223900,0.0,0
2010-02-17,1607.3658242918846,1623.7595505231277,1585.5075226502272,1594.8753662109375,292500,0.0,0
2010-02-18,1601.120812063054,1615.1725793069033,1587.0690448192047,1596.4368896484375,242000,0.0,0
2010-02-19,1598.7789565651524,1608.1468020137763,1559.7462671958858,1563.6495361328125,206000,0.0,0
2010-02-22,1602.6819764643765,1644.8372744327526,1593.3141324714038,1631.566162109375,245500,0.0,0
2010-02-23,1639.372854346051,1658.108544110006,1624.5404332829203,1643.276123046875,299400,0.0,0
2010-02-24,1601.1209151293529,1611.2694143476276,1569.1141099024862,1604.2435302734375,256800,0.0,0
2010-02-25,1625.3209310132404,1658.1083849529887,1602.6819747215093,1611.2691650390625,260500,0.0,0
2010-02-26,1605.0239374626194,1637.8113914380233,1589.4108641409987,1631.566162109375,237700,0.0,0
2010-03-01,1630.7856540222915,1630.7856540222915,1594.0949284411292,1596.4368896484375,197500,0.0,0
2010-03-02,1606.585438649389,1644.8374729029458,1587.849748402749,1640.9342041015625,183900,0.0,0
2010-03-03,1648.7405626780626,1658.108406784188,1626.88225976377,1644.056640625,205100,0.0,0
2010-03-04,1651.8633141886878,1652.6439679288526,1622.9791258025907,1643.276123046875,195500,0.0,0
2010-03-05,1660.4507514484767,1686.2123286923882,1644.0570204750786,1676.844482421875,216100,0.0,0
2010-03-08,1708.8510736125318,1731.4900325594315,1683.0894996384734,1729.1480712890625,305700,0.0,0
2010-03-09,1713.5349308249606,1725.2447367303703,1705.7283935546875,1705.7283935546875,202800,0.0,0
2010-03-10,1709.6317273693214,1733.0513400730108,1702.6058435582145,1729.1480712890625,211400,0.0,0
2010-03-11,1728.3676721845354,1751.0066344669885,1722.9030950818742,1748.6646728515625,242200,0.0,0
2010-03-12,1760.3742879407616,1811.116784045484,1760.3742879407616,1806.432861328125,316800,0.0,0
2010-03-15,1827.5105278651743,1829.071835449852,1787.6971844558946,1805.6522216796875,154600,0.0,0
2010-03-16,1807.2133602675572,1827.510356970346,1790.8196321614582,1815.0198974609375,139200,0.0,0
2010-03-17,1839.2198936380228,1892.30433878547,1839.2198936380228,1884.497802734375,235200,0.0,0
2010-03-18,1879.814218898715,1892.3046788249524,1843.1234928653928,1845.4654541015625,195500,0.0,0
2010-03-19,1854.0525834278394,1854.8332371471774,1799.4068230741768,1815.0198974609375,233500,0.0,0
2010-03-23,1796.2843208862464,1806.4328198743044,1751.7870560924541,1788.477783203125,239400,0.0,0
2010-03-24,1789.2584186126373,1797.8456099759615,1739.2965779532967,1775.9873046875,377500,0.0,0
2010-03-25,1756.4707451732518,1772.0838184636807,1740.8576718828228,1754.1287841796875,414600,0.0,0
2010-03-26,1779.8906657077723,1826.7298937527137,1772.0841277002821,1797.845703125,495000,0.0,0
2010-03-29,1837.7443598502468,1943.0775146484373,1837.7443598502468,1943.0775146484375,306000,50.0,0
2010-03-30,1937.4919267290784,1986.9665970162293,1932.704055410967,1979.7847900390625,211600,0.0,0
2010-03-31,1978.1889621089774,1988.562683975624,1951.8556681397977,1959.0374755859375,226000,0.0,0
2010-04-01,1959.0373154729914,1959.8352940128989,1904.7747747592791,1925.522216796875,181300,0.0,0
2010-04-02,1955.0473632812498,1958.2392773437498,1922.330244140625,1935.097900390625,107700,0.0,0
2010-04-05,1923.1283511336499,1977.3908938212383,1916.7445225821687,1973.4010009765625,137300,0.0,0
2010-04-06,1974.996640788975,1977.3905761111432,1898.3907104795844,1924.7239990234375,242200,0.0,0
2010-04-07,1936.6939059898502,1972.602940093494,1931.1080562403945,1947.067626953125,268200,0.0,0
2010-04-08,1914.3502365691752,1938.2895892565762,1885.623013344294,1891.2088623046875,226100,0.0,0
2010-04-09,1919.9360399273974,1949.4612408739117,1899.1886014244412,1919.1380615234375,317500,0.0,0
2010-04-12,1994.14818241446,2004.5219024510297,1971.0068069482656,1975.794677734375,365400,0.0,0
2010-04-13,1954.2492859391143,1954.2492859391143,1905.5725989475725,1931.10791015625,246600,0.0,0
2010-04-14,1934.3000735550588,1974.9969810432221,1924.7243306166674,1930.3101806640625,162100,0.0,0
2010-04-15,1963.0270511766196,1994.946190220142,1946.2695031787705,1971.0068359375,164700,0.0,0
2010-04-16,1994.946414808464,2034.8453431046332,1980.582800621843,2014.097900390625,399000,0.0,0
2010-04-19,1971.007144665592,1974.1990590699088,1944.6738508299788,1960.6334228515625,284600,0.0,0
2010-04-20,1955.047298156636,1967.8149539813323,1905.5726318359375,1905.5726318359375,263200,0.0,0
2010-04-21,1945.4714184263528,1981.3804478886932,1923.9260007489486,1968.61279296875,235400,0.0,0
2010-04-22,1986.1682249609223,2072.3498916125013,1976.592484221858,2065.966064453125,433300,0.0,0
2010-04-23,2067.5622418068365,2215.9862390959415,2061.1784139664446,2190.450927734375,737800,0.0,0
2010-04-26,2230.3501864729255,2373.18835583917,2228.754229273303,2314.137939453125,731600,0.0,0
2010-04-27,2279.026999440412,2310.1481664495773,2244.713917866204,2294.986572265625,479100,0.0,0
2010-04-28,2255.08693618694,2345.258494498732,2227.9556708541886,2271.844482421875,476000,0.0,0
2010-04-30,2347.652753449536,2369.198173008726,2292.592236798272,2320.521484375,333700,0.0,0
2010-05-06,2273.440770625544,2281.4205557102246,2150.5520803214604,2177.683349609375,555600,0.0,0
2010-05-07,2097.885399037941,2152.147935034358,2066.7642386870552,2073.946044921875,528200,0.0,0
2010-05-10,2101.077554352658,2177.683496326777,2089.9058544814325,2173.693603515625,239900,0.0,0
2010-05-11,2101.0772609168953,2228.7538130424946,2089.9055626059053,2163.319580078125,472700,0.0,0
2010-05-12,2203.218551867364,2226.359927457423,2148.1580375323956,2155.33984375,636500,0.0,0
2010-05-13,2225.562042614125,2342.8648824363822,2219.9761930987793,2320.521484375,639500,0.0,0
2010-05-14,2290.1985227144683,2359.622659117311,2258.2793795407474,2323.713623046875,563400,0.0,0
2010-05-17,2283.8142916461616,2286.2082269623525,2117.8347763902557,2128.20849609375,1154900,0.0,0
2010-05-18,2154.5416983021487,2154.5416983021487,2032.4510020650268,2040.4307861328125,548200,0.0,0
2010-05-19,2032.4516350438228,2081.9263116722946,1961.431534722307,2036.4415283203125,390400,0.0,0
2010-05-20,1994.946675422864,2043.623374303182,1982.976995370327,1991.7547607421875,265100,0.0,0
2010-05-21,1915.1482577347635,1951.0572875672904,1880.8351847836823,1924.7239990234375,383100,0.0,0
2010-05-24,1926.3200074437548,2046.8147552167486,1923.9260720575364,2037.239013671875,447800,0.0,0
2010-05-25,1997.340426492267,1998.138405088548,1860.0881079318713,1884.0274658203125,303500,0.0,0
2010-05-26,1868.8657280324037,1905.572740623988,1813.0072306104275,1848.1182861328125,515100,0.0,0
2010-05-27,1858.4919533222023,1907.168642524716,1828.9667483960875,1896.794921875,224900,0.0,0
2010-05-28,1982.1785700684563,2041.22897835552,1974.9967636551648,2005.3199462890625,613700,0.0,0
2010-05-31,1980.5824624685004,1990.1582036246737,1929.5118429689098,1949.4613037109375,297000,0.0,0
2010-06-01,1909.5625437794115,1923.128178231668,1890.411059846814,1902.3807373046875,253800,0.0,0
2010-06-02,1903.1790227447107,1936.6941250320388,1852.9063693137182,1872.8558349609375,254100,0.0,0
2010-06-03,1912.7545601583545,1945.4716802945634,1910.360624538632,1925.522216796875,211400,0.0,0
2010-06-04,1943.0776708562055,1950.2594774425324,1899.1888528286527,1937.4918212890625,161900,0.0,0
2010-06-07,1857.6940874787417,1865.673873077877,1747.573046210672,1759.542724609375,544300,0.0,0
2010-06-08,1739.5931158972,1793.8556534572963,1722.037589039522,1763.532470703125,384600,0.0,0
2010-06-09,1731.6132957835212,1736.4011666474387,1685.3305440989848,1729.2193603515625,283700,0.0,0
2010-06-10,1734.0073761136393,1795.4517240016974,1734.0073761136393,1785.0780029296875,263700,0.0,0
2010-06-11,1824.9766884356113,1871.2594378581148,1807.4211627925927,1864.8756103515625,355300,0.0,0
2010-06-14,1872.0575332740557,1882.4312536204166,1831.3606303767936,1845.7242431640625,190600,0.0,0
2010-06-15,1851.3098049903099,1878.4410693737887,1838.5421511627906,1852.90576171875,231900,0.0,0
2010-06-16,1892.8048803386498,1925.5219967357343,1882.431160505428,1921.5321044921875,230300,0.0,0
2010-06-17,1883.229083109766,1897.592694760603,1835.3503776069751,1849.7139892578125,318800,0.0,0
2010-06-18,1847.3199799391039,1852.1078502974772,1773.1079893843148,1780.289794921875,415700,0.0,0
2010-06-21,1820.1888016966454,1859.289744828226,1805.825189934024,1847.320068359375,290100,0.0,0
2010-06-22,1824.9768355349277,1828.1687495454828,1787.4718459109042,1800.239501953125,260200,0.0,0
2010-06-23,1757.148754595848,1773.108325482277,1734.0073768105256,1765.1285400390625,291000,0.0,0
2010-06-24,1749.9667787457458,1800.239422184406,1741.9869940729425,1773.108154296875,175000,0.0,0
2010-06-25,1733.209230932859,1739.5930586711015,1678.148716690517,1692.5123291015625,200300,0.0,0
2010-06-28,1684.5327355992208,1690.1185855040976,1651.8156147278007,1661.391357421875,151800,0.0,0
2010-06-29,1652.6134106965274,1689.3204203015687,1608.7245948644131,1611.1185302734375,312300,0.0,0
2010-06-30,1556.0580479660764,1593.5630368144896,1546.4823061324391,1585.583251953125,247200,0.0,0
2010-07-01,1594.3610989798144,1606.3307769000833,1554.4621725789182,1572.0177001953125,236500,0.0,0
2010-07-02,1572.8155482735824,1610.320535979751,1564.0377851934152,1593.56298828125,167500,0.0,0
2010-07-05,1607.926694607073,1665.381147218343,1607.926694607073,1638.2498779296875,140300,0.0,0
2010-07-06,1638.25002804318,1658.1994925834038,1591.9672703098606,1653.41162109375,154800,0.0,0
2010-07-07,1671.7650244467234,1682.9367238941,1642.2398187643707,1670.1690673828125,251500,0.0,0
2010-07-08,1749.9669582759761,1765.926529258885,1736.4013229405034,1743.5831298828125,279500,0.0,0
2010-07-09,1778.6940823818775,1811.4112009900682,1761.9365338264627,1800.239501953125,314600,0.0,0
2010-07-12,1805.0272650788531,1857.6938431050264,1789.0676959800126,1797.845458984375,234600,0.0,0
2010-07-13,1794.6537411875495,1833.7546897505506,1755.5527926245481,1765.926513671875,174200,0.0,0
2010-07-14,1801.8355580937641,1810.6133221057357,1756.3507809408216,1764.33056640625,245700,0.0,0
2010-07-15,1765.9264250067038,1765.9264250067038,1707.6739943580415,1720.441650390625,302100,0.0,0
2010-07-16,1691.7142910749228,1713.2597089329524,1641.4416494061868,1682.1385498046875,302900,0.0,0
2010-07-21,1686.926499141068,1723.6335090561527,1666.9770372306957,1689.3204345703125,235100,0.0,0
2010-07-22,1663.7852247414064,1688.5225590181371,1637.451933414564,1652.613525390625,219900,0.0,0
2010-07-23,1702.8861240030742,1775.5021677164198,1693.3103819749406,1760.340576171875,194900,0.0,0
2010-07-26,1767.5222048794265,1791.4615575414502,1744.38083063947,1749.168701171875,150900,0.0,0
2010-07-27,1743.5830868500032,1743.5830868500032,1686.926611258996,1690.91650390625,274100,0.0,0
2010-07-28,1694.9062418279289,1758.7445183562877,1681.3406080656525,1716.45166015625,445100,0.0,0
2010-07-29,1698.098154177446,1723.6334647665806,1665.3810374851175,1696.502197265625,355400,0.0,0
2010-07-30,1669.3709547868277,1673.3608471261844,1627.8760744575184,1631.865966796875,272500,0.0,0
2010-08-02,1627.0781241514476,1668.5730051989588,1603.9367481826434,1607.128662109375,225200,0.0,0
2010-08-03,1635.8557917412882,1659.7951447911607,1621.4921799113647,1643.03759765625,212000,0.0,0
2010-08-04,1643.8355916848502,1643.8355916848502,1594.3609282457917,1599.94677734375,204100,0.0,0
2010-08-05,1616.704345703125,1625.4821086857185,1583.1892506786771,1616.704345703125,204800,0.0,0
2010-08-06,1617.5025655933887,1669.3711727781792,1611.9167155888729,1656.603515625,252400,0.0,0
2010-08-09,1634.2599234815877,1674.1588473947124,1623.0882247859129,1668.572998046875,190800,0.0,0
2010-08-10,1693.3104248046873,1702.886167075025,1669.3710691288436,1693.3104248046875,172900,0.0,0
2010-08-11,1653.4114793189342,1654.2094578321191,1595.9570263696276,1596.7550048828125,191300,0.0,0
2010-08-12,1549.6741289565323,1580.7952880859375,1518.552969827127,1580.7952880859375,328500,0.0,0
2010-08-13,1560.047968385875,1565.633817889047,1529.724785368656,1540.896484375,252600,0.0,0
2010-08-16,1500.9974575102892,1520.1489402217442,1485.8358670303874,1517.7550048828125,246400,0.0,0
2010-08-17,1477.0580693141671,1511.3711416969381,1477.0580693141671,1503.391357421875,211600,0.0,0
2010-08-18,1534.512622561617,1558.4519770477577,1512.9672035240906,1546.4822998046875,147500,0.0,0
2010-08-19,1541.6946164394947,1585.583438336064,1539.3006806996818,1575.209716796875,130600,0.0,0
2010-08-20,1536.9065918727342,1572.0176458926721,1530.5227638691092,1540.896484375,216300,0.0,0
2010-08-23,1528.1286740770527,1528.9266524969362,1504.9872999004288,1505.7852783203125,128600,0.0,0
2010-08-24,1474.6643065102778,1516.957168114739,1470.6744139060831,1494.61376953125,102500,0.0,0
2010-08-25,1483.442045851006,1491.4218309282035,1459.5026906194137,1478.6541748046875,130300,0.0,0
2010-08-26,1499.4016308593748,1524.1389648437498,1463.49259765625,1496.209716796875,135000,0.0,0
2010-08-27,1464.2904072021731,1577.6033433453388,1464.2904072021731,1565.6336669921875,209200,0.0,0
2010-08-30,1597.55290379643,1636.6538489942448,1566.4317433328633,1569.6236572265625,193000,0.0,0
2010-08-31,1535.3107043175883,1540.0985755368738,1484.2400779785416,1489.825927734375,247400,0.0,0
2010-09-01,1489.8259688454839,1548.8763821794773,1479.4522475841068,1542.4925537109375,245500,0.0,0
2010-09-02,1557.6541463237197,1564.0379747922595,1524.1390468638856,1542.4925537109375,185800,0.0,0
2010-09-03,1560.8460447475777,1564.8359375,1545.6844522883732,1564.8359375,84800,0.0,0
2010-09-06,1583.9874478453848,1643.8358400813565,1576.8056407770682,1639.845947265625,130700,0.0,0
2010-09-07,1621.4922467145477,1655.805320833015,1615.9063974394483,1631.865966796875,103500,0.0,0
2010-09-08,1599.1490606089105,1619.8965035110223,1536.1087533294176,1557.6541748046875,139200,0.0,0
2010-09-09,1572.0179658055906,1593.5633897024184,1542.4927552803078,1587.9775390625,133400,0.0,0
2010-09-10,1619.896352147367,1627.0781586347198,1592.765083195145,1601.5428466796875,188700,0.0,0
2010-09-13,1619.0983353558709,1639.845775828642,1607.1286581600414,1627.8760986328125,96100,0.0,0
2010-09-14,1614.3105718035586,1630.270142459056,1584.7853660908884,1590.3712158203125,92500,0.0,0
2010-09-16,1579.1994113697726,1654.2093884636374,1558.4519708970015,1627.8760986328125,108900,0.0,0
2010-09-17,1632.663877253962,1690.916302981987,1608.7245242150475,1683.7344970703125,166000,0.0,0
2010-09-21,1716.451771761694,1740.39112701639,1638.2498779296875,1638.2498779296875,286500,0.0,0
2010-09-22,1617.50253496512,1647.0277415727714,1594.361156813177,1602.3409423828125,205500,0.0,0
2010-09-24,1579.1992953626464,1599.148755890219,1560.0478132561766,1566.431640625,212700,0.0,0
2010-09-27,1572.8155307901577,1619.8962595149771,1541.694371124599,1616.704345703125,162900,0.0,0
2010-09-28,1615.1083677524937,1623.8861306207139,1595.158906688357,1599.94677734375,109400,0.0,0
2010-09-29,1599.946861379397,1632.6639792430155,1595.1589904725258,1626.2801513671875,126000,0.0,0
2010-09-30,1627.0784661279968,1635.8562312714043,1572.0179393193494,1572.81591796875,152500,0.0,0
2010-10-01,1592.7651220629848,1607.9267139062697,1572.0176805932265,1595.1590576171875,112400,0.0,0
2010-10-04,1616.7046029536316,1627.8763030727584,1564.0380166777481,1575.209716796875,185000,0.0,0
2010-10-05,1558.4521698822846,1658.9974711650127,1557.6541913006756,1653.41162109375,231900,0.0,0
2010-10-06,1682.138734930434,1711.6639404296875,1662.189271755263,1711.6639404296875,191500,0.0,0
2010-10-07,1705.2801825352537,1767.5225102085105,1701.290289735686,1759.542724609375,373200,0.0,0
2010-10-08,1740.391157633847,1743.5830717239594,1684.532661056878,1693.3104248046875,232500,0.0,0
2010-10-12,1709.2698781803942,1731.6132752807916,1630.2700098611324,1631.865966796875,161200,0.0,0
2010-10-13,1656.6032943949322,1681.340626825685,1623.0881988435897,1632.6639404296875,132400,0.0,0
2010-10-14,1643.037714867453,1652.6134567705171,1609.5226182067277,1643.835693359375,168500,0.0,0
2010-10-15,1619.8963462198353,1622.2902817068598,1548.8762601047786,1562.44189453125,240600,0.0,0
2010-10-18,1563.2398528501305,1573.613573160009,1522.5429500959924,1545.684326171875,286700,0.0,0
2010-10-19,1555.260191658052,1570.4217840857086,1495.411800496249,1525.7349853515625,398300,0.0,0
2010-10-20,1520.1489914247097,1523.340905317465,1452.3208212036598,1469.078369140625,518400,0.0,0
2010-10-21,1485.0379623842794,1490.623811786047,1432.371382310468,1445.1390380859375,364500,0.0,0
2010-10-22,1457.1087647143859,1516.1591746754289,1454.7148291754245,1477.0582275390625,351200,0.0,0
2010-10-25,1466.6844103107344,1478.6540872175142,1408.43198269774,1412.421875,485200,0.0,0
2010-10-26,1399.654521872943,1401.2504791384765,1349.3818680086354,1363.7454833984375,490300,0.0,0
2010-10-27,1356.563383460467,1366.9371034516353,1323.048288104385,1351.7755126953125,537900,0.0,0
2010-10-28,1364.5431370977146,1366.139093983209,1336.6138916015625,1336.6138916015625,405500,0.0,0
2010-10-29,1364.5431028676799,1364.5431028676799,1336.6138580721426,1342.19970703125,315700,0.0,0
2010-11-01,1332.624106294663,1359.7553755246145,1306.2908155714752,1319.0584716796875,479100,0.0,0
2010-11-02,1322.2503361777653,1336.6139487614707,1302.3008742559523,1307.0887451171875,254300,0.0,0
2010-11-04,1340.603750185791,1376.5127792086246,1325.4421601539277,1342.19970703125,441100,0.0,0
2010-11-05,1374.118836697665,1432.371261249889,1370.128944605047,1404.4420166015625,631200,0.0,0
2010-11-08,1423.593425629417,1428.3812958949866,1348.5834581354902,1354.96728515625,692200,0.0,0
2010-11-09,1355.7654832151138,1364.543246790962,1316.664536377244,1339.0079345703125,580500,0.0,0
2010-11-10,1365.3412733121156,1429.1795561087076,1354.9675523576693,1410.8260498046875,1038000,0.0,0
2010-11-11,1404.4422855614628,1538.502685546875,1386.8867569919444,1538.502685546875,1528200,0.0,0
2010-11-12,1404.4421220772158,1538.5025064573138,1386.8865955512506,1467.482421875,974500,0.0,0
2010-11-15,1485.0379789720112,1544.8863660880245,1476.2602155283291,1502.593505859375,533900,0.0,0
2010-11-16,1524.1391124876318,1546.4825130895447,1507.3815620361972,1512.16943359375,622800,0.0,0
2010-11-17,1480.2501026336195,1497.0076509653209,1462.6945758099323,1483.4420166015625,289900,0.0,0
2010-11-18,1504.1895111664398,1594.361083984375,1489.0279192766986,1594.361083984375,645800,0.0,0
2010-11-19,1603.936781300899,1610.320609286176,1559.2499854039584,1561.6439208984375,462200,0.0,0
2010-11-22,1617.5024511718748,1651.0175488281247,1599.946923828125,1635.85595703125,437800,0.0,0
2010-11-24,1587.977347916472,1623.8863834221206,1559.2501195119528,1599.1490478515625,531300,0.0,0
2010-11-25,1621.4922344454183,1624.6841482927516,1582.3912898155827,1593.56298828125,290900,0.0,0
2010-11-26,1599.946874508029,1615.1084658375316,1577.6034767592885,1583.9873046875,387900,0.0,0
2010-11-29,1579.1993047209905,1636.6537513808748,1568.0276067593463,1605.5325927734375,387300,0.0,0
2010-11-30,1591.169009694549,1603.9366647372335,1564.8357211690125,1600.7447509765625,1908600,0.0,0
2010-12-01,1581.5932044179415,1610.3204271016175,1568.0275714839834,1591.1689453125,372400,0.0,0
2010-12-02,1627.078028956335,1655.805252616182,1620.694201476369,1643.03759765625,339500,0.0,0
2010-12-03,1648.6235552770872,1694.9063075549532,1638.2498349389448,1665.381103515625,383100,0.0,0
2010-12-06,1677.3508643393868,1680.5427784485007,1645.4317232482472,1671.7650146484375,210600,0.0,0
2010-12-07,1660.5932229180378,1694.9062976828027,1642.239717811303,1666.97705078125,359100,0.0,0
2010-12-08,1677.3508349586134,1678.9467919852152,1650.2195655063808,1676.5528564453125,303100,0.0,0
2010-12-09,1679.7448124797377,1769.1184082031252,1664.5832203480916,1769.118408203125,740700,0.0,0
2010-12-10,1756.3507809408216,1782.6840729767357,1734.0073816376216,1764.33056640625,659200,0.0,0
2010-12-13,1754.7546554660541,1793.0576220246585,1747.572849236316,1792.2596435546875,411700,0.0,0
2010-12-14,1795.4514328862579,1831.360461543983,1795.4514328862579,1813.0069580078125,537000,0.0,0
2010-12-15,1852.9060133879407,1866.4716474222193,1776.3000800178966,1811.4111328125,565500,0.0,0
2010-12-16,1793.0576808975038,1820.188949767337,1768.3203475161854,1802.6334228515625,263800,0.0,0
2010-12-17,1791.4620662808006,1862.4821660130906,1791.4620662808006,1844.9266357421875,376300,0.0,0
2010-12-20,1850.5121482723398,1875.2494818628713,1825.7748146818083,1840.138427734375,273700,0.0,0
2010-12-21,1843.3303956673817,1857.6940091401145,1825.774868089597,1831.3607177734375,244700,0.0,0
2010-12-22,1868.8656254961365,1917.5423134360444,1864.0777545512276,1884.8251953125,534700,0.0,0
2010-12-24,1864.8756926437904,1880.835262114426,1839.340381490773,1851.31005859375,190600,0.0,0
2010-12-27,1852.9058551591695,1870.4613800573186,1847.3200063279403,1857.6937255859375,179400,0.0,0
2010-12-28,1848.9160654581635,1874.4513758140813,1839.3403240746945,1860.8857421875,164600,0.0,0
2010-12-29,1868.865926903258,1899.1891144448139,1852.9063545129654,1875.249755859375,246100,0.0,0
2010-12-30,1875.2490984383276,1896.7945136118744,1848.915813226215,1883.2288818359375,462000,0.0,0
2011-01-04,1880.037077820785,1941.4814135560146,1868.8653804143798,1926.31982421875,236900,0.0,0
2011-01-05,1929.511850420213,1960.6330092979583,1907.1684543028573,1927.9158935546875,278900,0.0,0
2011-01-06,1967.8152452389593,1991.754603453545,1950.2597158815963,1958.239501953125,251100,0.0,0
2011-01-07,1957.4412057130503,1966.218968967369,1919.93621726278,1950.2593994140625,211800,0.0,0
2011-01-11,1910.360398385363,1947.8653853210824,1908.7644414944814,1943.0775146484375,279100,0.0,0
2011-01-12,1955.0472889775815,1987.7644068747572,1923.1281495657026,1927.1180419921875,258000,0.0,0
2011-01-13,1963.8250781051513,1973.4008200544654,1947.0675296938518,1963.027099609375,190300,0.0,0
2011-01-14,1955.0472058747944,1967.814861096834,1928.713916979338,1940.68359375,236300,0.0,0
2011-01-17,1951.8555823061224,1982.1787679674603,1917.5425037946084,1933.5020751953125,205100,0.0,0
2011-01-18,1915.1481048717249,1915.1481048717249,1821.7846347592283,1827.3704833984375,642200,0.0,0
2011-01-19,1856.0982040365711,1856.0982040365711,1825.7750175561798,1846.5224609375,418700,0.0,0
2011-01-20,1840.9361158079455,1845.723986070125,1809.01698072675,1827.3704833984375,236000,0.0,0
2011-01-21,1843.330411341018,1843.330411341018,1767.5224507014523,1789.06787109375,237900,0.0,0
2011-01-24,1828.9665969503976,1950.259320657405,1801.8353298054092,1943.0775146484375,872300,0.0,0
2011-01-25,1931.1079121330972,1986.1684269831733,1919.1382349917765,1971.0068359375,588500,0.0,0
2011-01-26,1947.0678060979099,1968.613228542436,1914.3506831265925,1918.340576171875,428800,0.0,0
2011-01-27,1903.9767530161453,1931.1080227573646,1874.4515477095244,1892.8050537109375,425800,0.0,0
2011-01-28,1913.5523313097133,1913.5523313097133,1843.3302274084394,1879.2392578125,301300,0.0,0
2011-01-31,1839.3404492314546,1861.683847313225,1816.1990726467639,1840.138427734375,263400,0.0,0
2011-02-01,1851.3101367942252,1894.400976185125,1848.9162012725085,1858.491943359375,180300,0.0,0
2011-02-02,1880.0372915116566,1922.3301507859003,1880.0372915116566,1910.3604736328125,267600,0.0,0
2011-02-03,1915.1485942070624,1922.330401435339,1896.7950868459113,1909.562744140625,171500,0.0,0
2011-02-04,1915.1483179209183,1976.5926597875477,1909.5624686603155,1955.0472412109375,453000,0.0,0
2011-02-07,2053.9965061639978,2061.9762905702296,2012.501627251594,2026.0672607421875,594200,0.0,0
2011-02-08,2054.7946133324253,2065.966312201029,2014.8956888016985,2025.2694091796875,709500,0.0,0
2011-02-09,2015.6937700642056,2046.814932784912,1976.5928220304977,1988.5625,228200,0.0,0
2011-02-10,1985.3706695864898,2006.9160908400409,1967.8151411576703,1974.9969482421875,226400,0.0,0
2011-02-14,1994.94609969328,2012.501625370581,1958.2390914589237,2006.1177978515625,300600,0.0,0
2011-02-15,2022.077568401952,2029.2593750774126,2005.3200194925435,2013.2998046875,187600,0.0,0
2011-02-16,2009.30994641157,2304.5620036682344,1994.9463328153,2226.360107421875,1093500,0.0,0
2011-02-17,2223.1683734824246,2335.6833557728132,2220.7744376890123,2275.8349609375,1083900,0.0,0
2011-02-18,2275.8349797585224,2277.430936967329,2178.4815900213066,2194.441162109375,556900,0.0,0
2011-02-21,2215.986203637454,2298.177985767327,2190.4508926844833,2256.68310546875,370300,0.0,0
2011-02-22,2206.410241744938,2239.127355636997,2114.642727169651,2130.602294921875,604500,0.0,0
2011-02-23,2090.703333505192,2154.5416032305416,2053.9963284131163,2055.59228515625,579200,0.0,0
2011-02-24,2055.5930160474627,2109.855564607722,2028.4617417673333,2036.4415283203125,534800,0.0,0
2011-02-25,2017.2893916698881,2073.1478795721396,2015.6934348726809,2064.3701171875,298200,0.0,0
2011-02-28,2093.8954022581256,2125.81453948767,2066.7641356130125,2111.450927734375,248400,0.0,0
2011-03-01,2133.7943566304602,2174.4912572243843,2130.602442858388,2146.56201171875,194200,0.0,0
2011-03-02,2144.1680094702006,2168.90534043171,2132.1983331985025,2157.733642578125,480500,0.0,0
2011-03-03,2158.5315577856863,2161.723471364667,2110.652854100976,2127.410400390625,249900,0.0,0
2011-03-04,2180.077314576191,2186.4611427301475,2142.5723241716955,2152.946044921875,194300,0.0,0
2011-03-07,2138.582056318422,2148.9557752483247,2094.693245461141,2113.8447265625,184400,0.0,0
2011-03-08,2113.8453592791366,2167.3099266901227,2106.663551716467,2129.804931640625,183200,0.0,0
2011-03-09,2146.562295184039,2176.087501474675,2125.0168743773593,2140.178466796875,187500,0.0,0
2011-03-10,2140.9768450745505,2146.562695956221,2042.8254652966266,2057.987060546875,329900,0.0,0
2011-03-11,2039.6330956386028,2089.9057423620893,2030.8553319249781,2053.19873046875,299500,0.0,0
2011-03-14,1773.9060225508488,1887.2189578644882,1744.3808210958864,1750.7646484375,432500,0.0,0
2011-03-15,1645.4315354626426,1646.2295138988513,1367.7350396619638,1520.9468994140625,759200,0.0,0
2011-03-16,1607.1288848341558,1755.5529029965953,1599.149098911444,1728.421630859375,600700,0.0,0
2011-03-17,1568.8257207531337,1706.0780218566633,1568.8257207531337,1682.9366455078125,265100,0.0,0
2011-03-18,1699.6942099936962,1793.0576947679979,1699.6942099936962,1760.340576171875,325400,0.0,0
2011-03-22,1850.5121826596653,1856.8960108016563,1806.6233641834765,1834.5526123046875,269000,0.0,0
2011-03-23,1835.3504968067955,1840.9363461449032,1789.0677451481895,1809.815185546875,190800,0.0,0
2011-03-24,1809.0171902590857,1835.3504797511678,1755.5526328054648,1772.3101806640625,151300,0.0,0
2011-03-25,1796.2494280738551,1815.4009102034743,1728.421262198121,1749.168701171875,205500,0.0,0
2011-03-28,1723.6336141205938,1723.6336141205938,1627.0782125888384,1652.613525390625,350100,0.0,0
2011-03-29,1668.7681381291832,1704.308214643067,1623.5353134751492,1674.4222412109375,362400,25.0,0
2011-03-30,1675.230072818099,1709.9624224474037,1647.7672847391136,1701.8851318359375,192500,0.0,0
2011-03-31,1732.5786840135806,1741.463702905958,1703.5004403658002,1728.5400390625,167200,0.0,0
2011-04-01,1748.7333259689174,1781.042486725849,1731.7710165715284,1733.386474609375,175400,0.0,0
2011-04-04,1736.6172805227525,1761.6568785209877,1671.9989631079525,1676.8453369140625,158900,0.0,0
2011-04-05,1662.3060836791992,1671.1911016191755,1592.8413979666573,1628.3814697265625,188500,0.0,0
2011-04-06,1616.2657538172898,1626.7662309785214,1570.2252001103504,1578.302490234375,202700,0.0,0
2011-04-07,1609.8039316881034,1709.9623298463193,1609.8039316881034,1694.615478515625,498800,0.0,0
2011-04-08,1668.7680355188515,1685.7303437211247,1634.8434191143058,1666.3448486328125,291500,0.0,0
2011-04-11,1675.2298672149557,1705.9235677714494,1662.3062038227476,1666.3448486328125,107900,0.0,0
2011-04-12,1643.7285446576116,1653.4212928324969,1614.650300132956,1626.7662353515625,125000,0.0,0
2011-04-13,1625.1507606284133,1680.8840620614951,1617.8811995719243,1663.9217529296875,126900,0.0,0
2011-04-14,1663.9217456462559,1700.2695507695964,1653.421268610624,1692.1922607421875,119300,0.0,0
2011-04-15,1673.6144781872235,1683.3072261303928,1642.1130473719236,1642.9207763671875,162200,0.0,0
2011-04-18,1661.4984703572088,1699.4617314689194,1633.2279567633818,1637.2666015625,235200,0.0,0
2011-04-19,1616.2658793233136,1642.9209388024085,1613.8426920979412,1617.0736083984375,188600,0.0,0
2011-04-20,1628.3815788482402,1685.730334849344,1628.3815788482402,1675.2298583984375,139700,0.0,0
2011-04-21,1694.6156312660792,1694.6156312660792,1652.6137185750229,1667.9605712890625,146200,0.0,0
2011-04-22,1671.9989133808285,1692.9998659160467,1657.4597923949082,1682.4993896484375,157700,0.0,0
2011-04-25,1683.307433568171,1735.0020956355238,1671.9992262409378,1726.9248046875,259600,0.0,0
2011-04-26,1743.0793558803628,1760.041666572433,1720.4629416242692,1743.8870849609375,288600,0.0,0
2011-04-27,1743.8869689122928,1754.3874462610004,1684.9227499541653,1686.5382080078125,192400,0.0,0
2011-04-28,1680.076281173966,1685.7303840433015,1647.7671219206204,1659.883056640625,384000,0.0,0
2011-05-02,1673.614412172379,1752.7718505859373,1659.8830197945167,1752.7718505859375,293600,0.0,0
2011-05-06,1715.6163273629425,1715.6163273629425,1671.1912341402674,1676.8453369140625,281600,0.0,0
2011-05-09,1688.1537363176296,1688.9614653780686,1650.1904704769938,1653.42138671875,158700,0.0,0
2011-05-10,1663.9216379307038,1667.960282682963,1622.7274614576622,1645.3438720703125,228400,0.0,0
2011-05-11,1646.1516010207642,1674.4221142865772,1635.651124664891,1645.3438720703125,244900,0.0,0
2011-05-12,1635.6513565063476,1639.6900018310546,1615.4581298828125,1615.4581298828125,197000,0.0,0
2011-05-13,1616.2656723409739,1620.3043171993972,1571.8405788983184,1591.22607421875,283200,0.0,0
2011-05-16,1591.2261622569536,1591.2261622569536,1545.9933373400047,1550.031982421875,167200,0.0,0
2011-05-17,1534.684969351746,1555.6859215639279,1520.1458485894664,1546.8009033203125,201000,0.0,0
2011-05-18,1542.7623259397615,1599.3033535920042,1532.2618493757736,1590.4183349609375,175800,0.0,0
2011-05-19,1591.2261014435178,1599.3033912985609,1547.6087362262842,1564.571044921875,121200,0.0,0
2011-05-20,1565.378668738781,1593.6491813321027,1545.185445457837,1546.8009033203125,108100,0.0,0
2011-05-23,1550.0319157904657,1550.0319157904657,1503.9913638362934,1506.41455078125,164400,0.0,0
2011-05-24,1482.182711615552,1514.4918715417768,1482.182711615552,1508.8377685546875,158600,0.0,0
2011-05-25,1529.8387120987045,1533.069628069346,1498.337281384951,1508.030029296875,135500,0.0,0
2011-05-26,1510.4532698465343,1550.0319918906414,1503.9914376760678,1541.14697265625,185000,0.0,0
2011-05-27,1533.0696919169247,1537.9160660747232,1505.6069050227334,1532.261962890625,154900,0.0,0
2011-05-30,1520.1458961712156,1541.9545779972639,1507.2222328668909,1531.4541015625,79100,0.0,0
2011-05-31,1531.4540167756784,1571.0327334539527,1521.7612698340602,1562.9554443359375,99500,0.0,0
2011-06-01,1584.7642810997595,1584.7642810997595,1544.3778315304485,1575.071533203125,103100,0.0,0
2011-06-02,1534.6851908740466,1541.1470232566742,1518.5306099174777,1535.492919921875,116800,0.0,0
2011-06-03,1525.8002317694327,1535.4929807272056,1489.4524231777839,1501.568359375,145500,0.0,0
2011-06-06,1501.5681312205693,1504.7990470489083,1461.989412323416,1474.1053466796875,144100,0.0,0
2011-06-07,1454.7199136089257,1498.3372791474499,1454.7199136089257,1488.64453125,159500,0.0,0
2011-06-08,1492.6832582050245,1514.4919421723057,1481.3750517034712,1495.1064453125,93200,0.0,0
2011-06-09,1478.9516373814367,1485.4134686752932,1448.2579387356177,1467.6434326171875,117800,0.0,0
2011-06-10,1492.6830951585341,1524.184524114802,1484.605805682568,1491.8753662109375,202100,0.0,0
2011-06-13,1482.990435304895,1482.990435304895,1449.8735464990668,1460.3740234375,100000,0.0,0
2011-06-14,1453.9123835822045,1487.029276763799,1453.9123835822045,1475.7210693359375,96900,0.0,0
2011-06-15,1475.721028623513,1478.1442158626319,1457.1432597902667,1472.4901123046875,138200,0.0,0
2011-06-16,1457.143137246387,1478.951820564376,1453.1044921875,1453.1044921875,90300,0.0,0
2011-06-17,1449.873424259904,1450.6811531870683,1386.062839013925,1403.025146484375,276400,0.0,0
2011-06-20,1411.9100916162392,1425.6414826674268,1393.3323272528676,1397.3709716796875,136900,0.0,0
2011-06-21,1375.5624511576973,1404.640694400021,1365.0619744313026,1390.9093017578125,222400,0.0,0
2011-06-22,1419.9875388093951,1502.3758943034557,1414.3334359813714,1495.9140625,472300,0.0,0
2011-06-23,1474.105399232216,1499.9527267803976,1471.682212274574,1487.8367919921875,197300,0.0,0
2011-06-24,1475.7208572039774,1490.2599789498295,1462.7971934298869,1487.8367919921875,155100,0.0,0
2011-06-27,1478.1442158626319,1490.2601520582273,1457.1432597902667,1472.4901123046875,118400,0.0,0
2011-06-28,1490.260000557735,1517.7227864758722,1485.4136265721816,1499.14501953125,161800,0.0,0
2011-06-29,1512.8762047276962,1530.646240234375,1499.9525425410209,1530.646240234375,177100,0.0,0
2011-06-30,1558.916939055302,1625.1507157405533,1550.031920231671,1621.9197998046875,549700,0.0,0
2011-07-01,1634.0359495001326,1707.539296709481,1623.5354713273684,1667.9605712890625,688000,0.0,0
2011-07-04,1672.8067534902023,1712.3854743598401,1672.8067534902023,1681.6917724609375,249000,0.0,0
2011-07-05,1673.6144845641916,1722.078224464699,1661.4985495890646,1701.0772705078125,294400,0.0,0
2011-07-06,1688.153655815764,1692.1923009253712,1651.8058498293003,1685.73046875,324800,0.0,0
2011-07-07,1674.4221629488188,1712.385424723346,1674.4221629488188,1697.03857421875,265200,0.0,0
2011-07-08,1710.7698786455885,1727.7321862242277,1708.3466918486401,1718.84716796875,189100,0.0,0
2011-07-11,1688.1535528161864,1699.4617584331368,1672.8067023360393,1677.653076171875,185300,0.0,0
2011-07-12,1641.305326563277,1651.8058035540855,1611.4193535894378,1624.343017578125,257500,0.0,0
2011-07-13,1598.4957611950792,1656.6522517489175,1598.4957611950792,1649.3826904296875,213400,0.0,0
2011-07-14,1689.7689431530252,1689.7689431530252,1636.4588330917923,1643.7283935546875,194700,0.0,0
2011-07-15,1630.8049220193195,1645.3440446524785,1621.919902632389,1639.68994140625,144600,0.0,0
2011-07-19,1617.8811845497944,1628.381661533892,1604.14979157059,1614.6502685546875,233400,0.0,0
2011-07-20,1641.3053183766594,1659.0753562724697,1633.2280284240182,1642.9207763671875,155000,0.0,0
2011-07-21,1639.6898501387266,1644.5362240800232,1624.3429993246202,1642.113037109375,146800,0.0,0
2011-07-22,1658.2677717761185,1684.1151018768664,1641.3054613975025,1673.6146240234375,200800,0.0,0
2011-07-25,1659.8830327120695,1730.1554530750623,1650.9980140454843,1705.923583984375,357800,0.0,0
2011-07-26,1714.0008472647144,1742.271360768138,1711.5776603929924,1732.57861328125,302700,0.0,0
2011-07-27,1732.57861328125,1747.9254634688227,1713.1931183074737,1732.57861328125,217600,0.0,0
2011-07-28,1692.1922171583024,1699.4617779957366,1659.883057880817,1669.5758056640625,183600,0.0,0
2011-07-29,1676.845266464065,1696.230760874054,1655.8443141865766,1680.8839111328125,180300,0.0,0
2011-08-01,1696.230978620355,1740.6560756794597,1685.7305011336578,1717.23193359375,183300,0.0,0
2011-08-02,1705.1159974588124,1720.462849164979,1635.65130026248,1707.5391845703125,234100,0.0,0
2011-08-03,1667.1526949397287,1680.0763592415872,1592.841625204043,1608.1884765625,376100,0.0,0
2011-08-04,1612.227212367107,1612.227212367107,1566.994384765625,1566.994384765625,476600,0.0,0
2011-08-05,1488.6446427142034,1489.4523717661373,1458.7586677926486,1478.1441650390625,518700,0.0,0
2011-08-08,1474.9134256294756,1475.7211547782322,1413.5260103239773,1424.0264892578125,325900,0.0,0
2011-08-09,1373.1393248946579,1407.0639435097023,1309.3287327377884,1395.7557373046875,554600,0.0,0
2011-08-10,1441.7962824256674,1445.8349274744787,1390.1016258008815,1414.33349609375,476800,0.0,0
2011-08-11,1369.1008292377096,1412.7182007886456,1352.1385180790123,1407.871826171875,192000,0.0,0
2011-08-12,1440.180948563373,1445.0273230397502,1393.3326619583952,1394.9481201171875,182600,0.0,0
2011-08-15,1414.3334240694658,1431.295732410676,1388.4860970733364,1408.6793212890625,123400,0.0,0
2011-08-16,1413.5257260213937,1432.1034927062462,1403.8329781858183,1411.1025390625,124300,0.0,0
2011-08-17,1412.7179764449768,1421.6029951647565,1380.4088174639596,1409.487060546875,185000,0.0,0
2011-08-18,1405.4481674683052,1405.4481674683052,1355.3689798918483,1361.830810546875,231800,0.0,0
2011-08-19,1309.328847249349,1313.3674926757812,1214.8245442708335,1221.286376953125,891500,0.0,0
2011-08-22,1221.2862825920245,1248.7490693698876,1184.9384765625,1184.9384765625,688600,0.0,0
2011-08-23,1185.7461172816263,1222.0939206042922,1158.2833325489457,1206.7470703125,827700,0.0,0
2011-08-24,1222.093957435345,1235.0176212284484,1163.1297413793104,1171.20703125,509300,0.0,0
2011-08-25,1182.5151727794412,1235.0175540845394,1182.5151727794412,1214.0166015625,262400,0.0,0
2011-08-26,1193.0157991082544,1222.0940447195592,1193.0157991082544,1216.43994140625,211300,0.0,0
2011-08-29,1242.2872518960532,1273.7886841612976,1220.4785680201146,1243.9027099609375,298600,0.0,0
2011-08-30,1281.8659898192323,1337.5992937244164,1281.8659898192323,1331.9451904296875,598700,0.0,0
2011-08-31,1298.8281127547023,1314.1749623457092,1271.365329276058,1288.32763671875,280300,0.0,0
2011-09-01,1302.867045122522,1308.52114885213,1285.0970048294685,1301.2515869140625,221000,0.0,0
2011-09-02,1268.9423308019973,1276.211892213339,1237.440898019516,1245.5181884765625,196900,0.0,0
2011-09-05,1226.1324897378177,1226.9402186506884,1184.130586268538,1191.400146484375,195100,0.0,0
2011-09-06,1167.168360246931,1171.2070050920759,1117.8968931361608,1130.820556640625,341000,0.0,0
2011-09-07,1164.7451048865028,1192.2078882194717,1150.2059842984604,1154.24462890625,242800,0.0,0
2011-09-08,1200.285348703944,1210.7858261825113,1159.8988968632998,1186.553955078125,180400,0.0,0
2011-09-09,1171.2069989247605,1184.1306623611717,1155.8601485940223,1159.091064453125,151900,0.0,0
2011-09-12,1130.82058630257,1138.8978762047313,1114.6660064982477,1123.551025390625,151400,0.0,0
2011-09-13,1129.2052022213757,1176.8612157629072,1120.320182747531,1167.9761962890625,157800,0.0,0
2011-09-14,1163.1295738636363,1172.0145914417615,1108.2040106534091,1110.627197265625,206300,0.0,0
2011-09-15,1137.2823851953394,1183.3229363005485,1128.3973665610008,1178.4765625,315800,0.0,0
2011-09-16,1207.554932836611,1243.0950111274544,1199.4776423159649,1236.6331787109375,221300,0.0,0
2011-09-20,1203.5161468207918,1207.5547916087812,1155.0524093649212,1158.2833251953125,224300,0.0,0
2011-09-21,1157.4755382695473,1174.4378455296035,1148.5905201809464,1172.8223876953125,151300,0.0,0
2011-09-22,1151.013811057973,1151.8215400481893,1123.551025390625,1123.551025390625,186900,0.0,0
2011-09-26,1122.7433752708178,1122.7433752708178,1058.1250515142237,1071.8564453125,270700,0.0,0
2011-09-27,1120.3201217220328,1146.975178691627,1118.7046637238757,1143.7442626953125,253400,0.0,0
2011-09-28,1167.976205639494,1170.3993927881238,1142.9366051036543,1149.3984375,141800,0.0,0
2011-09-29,1146.9752217387106,1191.4003183553507,1134.0515572684153,1176.053466796875,230900,0.0,0
2011-09-30,1200.285223610694,1230.9789238106982,1165.5528786475313,1176.861083984375,212900,0.0,0
2011-10-03,1142.9365054285186,1166.3606458224601,1117.089178097273,1160.70654296875,169200,0.0,0
2011-10-04,1136.4745080973596,1142.9363389891712,1107.3962690842075,1138.0899658203125,125600,0.0,0
2011-10-05,1170.3995317989552,1177.6690941082654,1091.242075542021,1092.0498046875,193600,0.0,0
2011-10-06,1134.859364827474,1137.2825520833335,1104.1656595865886,1114.6661376953125,140100,0.0,0
2011-10-07,1150.205992705395,1168.7837580370128,1140.513245575855,1145.359619140625,332000,0.0,0
2011-10-11,1183.3230400724212,1222.0940338768419,1183.3230400724212,1205.939453125,280500,0.0,0
2011-10-12,1188.1694253109818,1229.363606610003,1187.361696265903,1226.1326904296875,185300,0.0,0
2011-10-13,1258.441944389888,1313.3675234775083,1254.4032988687395,1301.2515869140625,310300,0.0,0
2011-10-14,1268.942342380091,1285.9046524946564,1263.2882390085695,1275.4041748046875,222500,0.0,0
2011-10-17,1304.4823124583174,1348.907406690644,1304.4823124583174,1324.675537109375,240000,0.0,0
2011-10-18,1260.0572326120023,1306.097785342056,1254.4031296451535,1277.8272705078125,187300,0.0,0
2011-10-19,1302.8667869615974,1324.675468454445,1267.3267134176976,1281.05810546875,135700,0.0,0
2011-10-20,1281.8659573245855,1294.789621670643,1268.1345639568992,1290.7509765625,108500,0.0,0
2011-10-21,1308.5208895708543,1314.9827211242905,1275.4040028594932,1281.05810546875,167900,0.0,0
2011-10-24,1277.0194842998799,1323.8677639263144,1245.518054895898,1302.05908203125,253500,0.0,0
2011-10-25,1302.8669727091885,1323.867928251928,1256.0186872676927,1266.5191650390625,280500,0.0,0
2011-10-26,1219.6708599300068,1274.5964350791726,1215.6322146984505,1264.9036865234375,177500,0.0,0
2011-10-27,1264.9034382347922,1331.13720703125,1264.0957093470306,1331.13720703125,279900,0.0,0
2011-10-28,1411.910369256708,1437.7576986710183,1391.717143151778,1399.79443359375,702400,0.0,0
2011-10-31,1386.8706915969572,1387.67842059614,1334.3683066500719,1335.9837646484375,271000,0.0,0
2011-11-01,1322.2523044586183,1342.4455284118653,1292.3663330078125,1292.3663330078125,244500,0.0,0
2011-11-02,1260.0573316130874,1262.4805187892664,1231.7868145576656,1237.44091796875,249800,0.0,0
2011-11-04,1276.211752327023,1286.71222877022,1243.902594040263,1282.673583984375,243600,0.0,0
2011-11-07,1281.0582688387562,1293.98193359375,1260.8650426590784,1293.98193359375,217700,0.0,0
2011-11-08,1302.059285481771,1302.059285481771,1169.5917154947917,1182.515380859375,413400,0.0,0
2011-11-09,1230.9791056047757,1247.1336870431587,1188.169464793061,1229.3636474609375,261800,0.0,0
2011-11-10,1172.8223980288628,1179.284229422961,1146.975072452469,1173.630126953125,219800,0.0,0
2011-11-11,1161.514393584406,1170.399413284982,1134.0516054189889,1141.3211669921875,237500,0.0,0
2011-11-14,1160.7064687623963,1167.1683001820895,1133.2436852287,1145.359619140625,303800,0.0,0
2011-11-15,1134.8591288438568,1149.3982493557353,1124.358652918611,1125.1663818359375,108400,0.0,0
2011-11-16,1121.127752196008,1121.9354811241033,1096.895884353155,1097.70361328125,161200,0.0,0
2011-11-17,1090.4341467495624,1128.3974096363988,1078.3182117856784,1124.3587646484375,142900,0.0,0
2011-11-18,1102.5500603441922,1119.5123689648722,1090.4341256151351,1113.050537109375,135200,0.0,0
2011-11-21,1107.3964226691278,1117.8968993246338,1099.3191329341232,1102.550048828125,167100,0.0,0
2011-11-22,1074.2795615439659,1088.8186834295234,1059.7404396584084,1075.89501953125,234500,0.0,0
2011-11-24,1027.4313348679316,1041.162728494311,1016.1231283520895,1017.7385864257812,300900,0.0,0
2011-11-25,1017.7385163626082,1037.1240119123722,1008.0457685877261,1026.62353515625,208800,0.0,0
2011-11-28,1050.0474738216828,1081.5488980363334,1050.0474738216828,1077.51025390625,176400,0.0,0
2011-11-29,1098.5115161203169,1122.7433877994415,1083.9723931128422,1121.1279296875,184000,0.0,0
2011-11-30,1098.5111264666066,1121.1275320115071,1085.5874661552346,1118.704345703125,145300,0.0,0
2011-12-01,1142.9365974045313,1211.5935661532135,1110.6274356404456,1197.054443359375,637900,0.0,0
2011-12-02,1187.3617249156694,1218.8631584338402,1176.0535180117106,1189.784912109375,273600,0.0,0
2011-12-05,1195.4388953688626,1217.2475779195108,1180.0920446850732,1209.1702880859375,235900,0.0,0
2011-12-06,1180.8998494265702,1193.8235139893782,1139.70566863262,1147.782958984375,228100,0.0,0
2011-12-07,1142.1290249804954,1195.43914920165,1142.1290249804954,1180.9000244140625,208700,0.0,0
2011-12-08,1165.5529234882088,1172.8224843415655,1122.7432873517741,1132.43603515625,434400,0.0,0
2011-12-09,1131.628325626768,1137.282428609914,1116.2814746725148,1124.3587646484375,234100,0.0,0
2011-12-12,1146.9752299491995,1164.7452687230602,1142.936584773322,1147.782958984375,228000,0.0,0
2011-12-13,1120.3201400778728,1139.7056363733805,1099.3191857577397,1125.9742431640625,378200,0.0,0
2011-12-14,1107.3964019797781,1113.0505046886465,1092.0495517699926,1100.9345703125,299900,0.0,0
2011-12-15,1088.0108157845973,1095.2803758009757,1053.2784734841239,1055.70166015625,298600,0.0,0
2011-12-16,1050.8555297380249,1068.6255694415117,1037.124135421694,1046.0091552734375,318400,0.0,0
2011-12-19,1037.9316456302715,1037.9316456302715,995.9297424607975,1014.5075073242188,438100,0.0,0
2011-12-20,1031.4700615633274,1068.625600194426,1020.1618541538625,1067.81787109375,471700,0.0,0
2011-12-21,1098.5116378513312,1102.5502835787258,1063.7792845957376,1092.0498046875,349000,0.0,0
2011-12-22,1084.780001285139,1117.0891599235645,1084.780001285139,1101.7423095703125,372800,0.0,0
2011-12-26,1106.588775790354,1111.4351499908958,1096.8960273892708,1109.011962890625,165200,0.0,0
2011-12-27,1109.0118598965976,1113.0505046886465,1096.0881965620415,1100.9345703125,146400,0.0,0
2011-12-28,1100.9345998834472,1104.9732447839733,1093.6650390625,1093.6650390625,136100,0.0,0
2011-12-29,1086.3955037607313,1144.5519916943913,1079.1259427690238,1143.7442626953125,266600,0.0,0
2011-12-30,1143.7443541832536,1149.3984576290748,1125.1665857184125,1141.3211669921875,189500,0.0,0
2012-01-04,1178.4765741099482,1195.4388825789742,1163.9374525650687,1188.97705078125,278400,0.0,0
2012-01-05,1181.7075784617457,1181.7075784617457,1147.782958984375,1147.782958984375,209600,0.0,0
2012-01-06,1159.0911009601343,1164.7452038916472,1111.435090537383,1123.551025390625,240900,0.0,0
2012-01-10,1123.5510242398534,1134.859230091297,1104.1655284945216,1113.8582763671875,213900,0.0,0
2012-01-11,1121.127836103237,1131.628312954348,1100.934611389562,1104.16552734375,164400,0.0,0
2012-01-12,1124.3588026822144,1126.7819897569605,1081.549164361699,1088.8187255859375,196400,0.0,0
2012-01-13,1086.3953260171863,1101.7421744888047,1077.5103084809864,1091.24169921875,230500,0.0,0
2012-01-16,1075.8948372294974,1083.1643969405077,1036.3161232473312,1042.7779541015625,263600,0.0,0
2012-01-17,1048.4321734628347,1078.318144509156,1045.2012576740433,1071.048583984375,130900,0.0,0
2012-01-18,1082.3567773014136,1125.974139968784,1068.6253853505746,1117.8968505859375,298500,0.0,0
2012-01-19,1134.8593344826775,1155.052561074896,1124.358856654724,1141.3211669921875,180100,0.0,0
2012-01-20,1173.6302205348436,1195.438903228884,1158.2833697501485,1190.592529296875,418800,0.0,0
2012-01-23,1190.5924690865181,1206.7470480429158,1186.5538243474186,1195.4388427734375,199200,0.0,0
2012-01-24,1214.0166699682518,1254.40311940166,1170.399304580171,1190.592529296875,525300,0.0,0
2012-01-25,1188.1692328796182,1211.5933713932204,1172.8223835086374,1201.0928955078125,343000,0.0,0
2012-01-26,1211.5934008029221,1222.0938769432141,1188.9769906546007,1193.8233642578125,196900,0.0,0
2012-01-27,1183.3229228808457,1184.9383807960414,1153.4369514497255,1158.2833251953125,143100,0.0,0
2012-01-30,1142.1286848479626,1176.0532992493872,1142.1286848479626,1153.4368896484375,115200,0.0,0
2012-01-31,1169.5916371446974,1217.2476499841569,1161.5143468329247,1214.824462890625,415900,0.0,0
2012-02-01,1211.5935764840062,1235.8254480136864,1190.5926211582835,1197.8621826171875,234000,0.0,0
2012-02-02,1227.7481114000952,1280.2504977428625,1227.7481114000952,1271.365478515625,458400,0.0,0
2012-02-03,1251.979723843661,1284.2888780073686,1240.6715198863635,1279.4425048828125,477200,0.0,0
2012-02-06,1303.6746108334628,1323.8678359083306,1291.5586757885421,1298.0205078125,305300,0.0,0
2012-02-07,1295.5974829597967,1314.9829814579482,1289.1356501270795,1310.9443359375,175300,0.0,0
2012-02-08,1311.7519841080689,1331.9452104644124,1304.4824226197852,1323.867919921875,214500,0.0,0
2012-02-09,1311.751729704797,1320.6367475784132,1288.3275916743542,1313.3671875,257700,0.0,0
2012-02-10,1327.0985953694862,1331.1372399080424,1292.366252337905,1295.59716796875,236800,0.0,0
2012-02-13,1263.2881092767295,1300.4436419025155,1263.2881092767295,1284.2890625,243600,0.0,0
2012-02-14,1285.0966048167031,1309.3284704009275,1274.5961297302058,1307.7130126953125,164700,0.0,0
2012-02-15,1327.098896997748,1377.1781006580404,1320.6370642673876,1367.4853515625,301500,0.0,0
2012-02-16,1348.9075008348698,1386.8707658284259,1338.4070232834606,1341.637939453125,240900,0.0,0
2012-02-17,1385.2551976254113,1413.5257118626644,1373.1392629523027,1381.216552734375,297200,0.0,0
2012-02-20,1421.6030273437498,1434.5266912286932,1410.2948214444245,1421.60302734375,239900,0.0,0
2012-02-21,1453.9122689403507,1453.9122689403507,1395.7557781827365,1398.9866943359375,177500,0.0,0
2012-02-22,1398.986725973585,1438.565449745355,1385.2553320119505,1430.4881591796875,211900,0.0,0
2012-02-23,1440.9885487059207,1478.1440830335398,1429.6803426062106,1471.6822509765625,225800,0.0,0
2012-02-24,1478.1440237294073,1487.8367714259934,1442.6039488419242,1486.2213134765625,226900,0.0,0
2012-02-27,1495.9143992731867,1542.7626903951332,1476.528899498588,1483.7984619140625,349500,0.0,0
2012-02-28,1453.9121544879415,1491.0676873248556,1445.0271357660708,1486.2213134765625,199100,0.0,0
2012-02-29,1453.91248309489,1553.2631694397073,1453.91248309489,1483.7984619140625,555800,0.0,0
2012-03-01,1484.6058932954231,1508.0300341580821,1438.5653405653693,1460.3740234375,364300,0.0,0
2012-03-02,1492.6832384932497,1516.1073802228516,1484.6059482416629,1503.1837158203125,321700,0.0,0
2012-03-05,1481.3749564710513,1502.3759100524294,1454.7199000023793,1458.758544921875,240500,0.0,0
2012-03-06,1462.797188613194,1477.3363103111717,1432.911216234018,1449.0657958984375,196800,0.0,0
2012-03-07,1410.2948436843856,1452.2967519728095,1407.8716566677458,1442.60400390625,182400,0.0,0
2012-03-08,1458.7585574555828,1478.9517822265625,1456.3353704830652,1478.9517822265625,240100,0.0,0
2012-03-09,1526.607710566834,1551.6473079359196,1508.0299447768673,1549.22412109375,486200,0.0,0
2012-03-12,1575.8792507189355,1596.0724753565437,1556.493755066832,1564.571044921875,490900,0.0,0
2012-03-13,1554.8782324628423,1583.1487457803487,1536.3004665684812,1540.339111328125,413100,0.0,0
2012-03-14,1591.2260448577247,1613.8424556475807,1589.6105869441637,1598.49560546875,250800,0.0,0
2012-03-15,1600.111085393114,1624.34295442986,1592.033795714199,1609.8038330078125,242000,0.0,0
2012-03-16,1616.265779213087,1638.074462890625,1610.611676037429,1638.074462890625,275200,0.0,0
2012-03-19,1638.0743524830814,1655.0366608667819,1638.0743524830814,1648.5748291015625,179000,0.0,0
2012-03-21,1634.8435850936548,1660.6909145022503,1588.8030295845945,1592.8416748046875,298100,0.0,0
2012-03-22,1572.6484684842078,1612.2271921389208,1561.3402617257184,1584.764404296875,310900,0.0,0
2012-03-23,1542.7623291015625,1558.1091794957665,1536.3004973566344,1542.7623291015625,397100,0.0,0
2012-03-26,1543.5700184620212,1575.0714474102256,1537.1081868829021,1549.22412109375,261900,0.0,0
2012-03-27,1585.5720726571433,1597.6880080060262,1572.6484082850016,1589.6107177734375,286100,0.0,0
2012-03-28,1622.3355404458846,1690.2396503082186,1619.0630532236032,1686.9671630859375,417200,25.0,0
2012-03-29,1690.2394586436578,1704.1475277612485,1646.0608861524877,1664.877685546875,267500,0.0,0
2012-03-30,1665.6959912766256,1685.3309145529709,1639.516093574832,1641.970458984375,218900,0.0,0
2012-04-02,1644.4247426413494,1739.326867092293,1643.6066208788413,1728.6912841796875,563000,0.0,0
2012-04-03,1716.4195280578465,1723.7826242220603,1678.7859254407535,1689.4215087890625,229700,0.0,0
2012-04-04,1680.4222309570314,1699.2390329589846,1626.4261904296875,1636.24365234375,244800,0.0,0
2012-04-05,1594.5195493481704,1626.4263027727875,1575.702746046473,1622.335693359375,284000,0.0,0
2012-04-06,1595.337441526813,1607.6092680000963,1578.9750062291023,1590.4287109375,186200,0.0,0
2012-04-09,1542.977620314953,1582.2474643102435,1542.159498565051,1563.4306640625,154300,0.0,0
2012-04-10,1572.4300033114207,1617.4266995560245,1551.9769595638736,1563.4306640625,147800,0.0,0
2012-04-11,1538.0690984233636,1546.2503170319985,1511.8891988757318,1537.2509765625,228700,0.0,0
2012-04-12,1542.159423828125,1570.7936836870026,1514.343285679501,1542.159423828125,174700,0.0,0
2012-04-13,1556.0677783305064,1582.2476778607777,1551.9771690289015,1567.521484375,169800,0.0,0
2012-04-16,1520.0703315692897,1529.0696715301412,1484.0729717258837,1487.345458984375,243900,0.0,0
2012-04-17,1487.3454458383414,1524.1609271709738,1483.2548368013822,1488.981689453125,194300,0.0,0
2012-04-18,1529.0696598685404,1551.1589486948917,1519.25219816794,1549.522705078125,199700,0.0,0
2012-04-19,1519.2522956235032,1551.977170058043,1516.797930040913,1537.2509765625,115900,0.0,0
2012-04-20,1537.2509106484085,1551.158981686739,1526.6153269132146,1545.43212890625,112900,0.0,0
2012-04-23,1568.3393348823693,1633.789072383981,1568.3393348823693,1586.3380126953125,377900,0.0,0
2012-04-24,1570.7937417546175,1574.0662287166062,1533.9782634322437,1550.3406982421875,276100,0.0,0
2012-04-25,1571.6122606952624,1601.0646507967874,1512.7074804922127,1532.3424072265625,369500,0.0,0
2012-04-26,1559.3400112672375,1573.2480806227165,1538.0688463706226,1553.6131591796875,209100,0.0,0
2012-04-27,1578.1570120748418,1619.881225457847,1543.7958951711905,1559.3402099609375,308500,0.0,0
2012-05-01,1559.340033885352,1569.975616487928,1510.2527295657712,1520.0701904296875,236700,0.0,0
2012-05-02,1525.797055671955,1546.2500993136703,1503.7077685389027,1518.4339599609375,177900,0.0,0
2012-05-07,1471.801025390625,1494.708434346121,1463.6198079065193,1471.801025390625,171400,0.0,0
2012-05-08,1466.0742165242166,1477.527921340812,1428.4406149839745,1435.8037109375,318900,0.0,0
2012-05-09,1407.1693548964056,1407.9874766143687,1329.4477916899182,1340.0833740234375,437700,0.0,0
2012-05-10,1340.9014957414006,1364.6270255623283,1321.266574510288,1340.0833740234375,269300,0.0,0
2012-05-11,1331.9021789512562,1340.901517998224,1296.7229444949269,1306.5404052734375,236600,0.0,0
2012-05-14,1299.17737470217,1321.2666625591967,1288.5417916598979,1298.3592529296875,172200,0.0,0
2012-05-15,1268.0888641596464,1277.0882044859407,1228.0008936152446,1253.3626708984375,258300,0.0,0
2012-05-16,1251.726357767901,1260.7256975949906,1231.273312706334,1246.817626953125,241100,0.0,0
2012-05-17,1240.2726826016865,1289.359991939484,1234.5458298456101,1288.5418701171875,172800,0.0,0
2012-05-18,1227.1826564068776,1263.998136099084,1214.9108298428089,1222.27392578125,334200,0.0,0
2012-05-21,1215.7290336914064,1251.7263940429689,1207.5478154296875,1227.1827392578125,125000,0.0,0
2012-05-22,1250.9083185731977,1261.5439027075674,1239.4546125823376,1251.7264404296875,115200,0.0,0
2012-05-23,1263.179947224069,1266.452434133976,1227.1825912150932,1230.455078125,205200,0.0,0
2012-05-24,1243.5451462984242,1260.725704240705,1225.546466549368,1245.99951171875,187200,0.0,0
2012-05-25,1244.3632873411689,1245.1814091605909,1202.6390745506365,1213.274658203125,160600,0.0,0
2012-05-28,1203.4571862110174,1209.1840388986293,1179.731653648054,1199.3665771484375,117200,0.0,0
2012-05-29,1182.185978009987,1230.4551632712944,1174.0047601690874,1219.819580078125,183700,0.0,0
2012-05-30,1229.6371146537163,1243.5451858108108,1194.4578758445946,1210.8203125,166500,0.0,0
2012-05-31,1187.0948461624432,1190.3673336777085,1157.6424585250568,1172.36865234375,246000,0.0,0
2012-06-01,1161.732842280181,1165.0053291598435,1115.0999042449907,1124.0992431640625,237800,0.0,0
2012-06-04,1091.3744749405635,1099.5556928936412,1073.3757954437924,1080.7388916015625,228600,0.0,0
2012-06-05,1086.4655756430507,1138.007240752623,1086.4655756430507,1133.0985107421875,284100,0.0,0
2012-06-06,1148.642865989765,1197.7301679551394,1141.2797706949586,1174.004638671875,223000,0.0,0
2012-06-07,1202.639065131456,1240.2726685301272,1202.639065131456,1229.6370849609375,214600,0.0,0
2012-06-08,1235.3639504688033,1240.2726813978186,1183.8222757141448,1197.7303466796875,269200,0.0,0
2012-06-11,1223.9101221988076,1263.998087431255,1214.9107830649928,1243.5450439453125,166100,0.0,0
2012-06-12,1195.2758945730282,1238.6363479695856,1189.5490422376338,1223.91015625,113000,0.0,0
2012-06-13,1234.5457523453188,1249.2719442222015,1204.2752468206158,1222.27392578125,105600,0.0,0
2012-06-14,1205.0934564286347,1231.2733550068535,1196.9122381229413,1226.3646240234375,122500,0.0,0
2012-06-15,1235.363849590887,1247.6356759113264,1202.638979403049,1210.0020751953125,187200,0.0,0
2012-06-18,1239.4545994850737,1254.9989145941274,1231.2733810066243,1253.3626708984375,220500,0.0,0
2012-06-19,1235.3637966215008,1242.7268920980528,1212.456388472228,1216.5469970703125,178600,0.0,0
2012-06-20,1216.5470735414567,1272.9974757434477,1216.5470735414567,1268.0887451171875,213700,0.0,0
2012-06-21,1277.0882543834555,1290.996326340226,1254.9989636285845,1262.362060546875,141800,0.0,0
2012-06-22,1238.6364676878625,1278.724437910257,1228.8190055925822,1269.72509765625,213800,0.0,0
2012-06-25,1269.7249930245534,1283.633063180106,1237.0001220703125,1237.0001220703125,143700,0.0,0
2012-06-26,1219.8194917082055,1241.0906565535531,1190.3671096146472,1200.1845703125,239100,0.0,0
2012-06-27,1211.6383279026145,1241.9088330561572,1211.6383279026145,1239.4544677734375,157900,0.0,0
2012-06-28,1259.9075639545347,1285.2693395925803,1254.180711391105,1278.724365234375,193900,0.0,0
2012-06-29,1272.1793362494398,1303.2679631159856,1250.9081704986454,1254.998779296875,329400,0.0,0
2012-07-02,1297.5411135298973,1304.9042093822106,1281.9968000639024,1285.269287109375,207900,0.0,0
2012-07-03,1280.3605695618726,1300.813613804075,1269.7249865559272,1283.633056640625,212900,0.0,0
2012-07-04,1299.9955988662048,1323.7211321368907,1293.4506241708432,1300.813720703125,153700,0.0,0
2012-07-05,1300.8136709163732,1310.6311325836664,1278.724382164963,1291.8143310546875,85700,0.0,0
2012-07-06,1290.9962554232764,1308.9949357903943,1279.5425497351105,1286.0875244140625,102700,0.0,0
2012-07-09,1265.6344986161114,1268.0888641596464,1244.3633305721432,1253.3626708984375,311900,0.0,0
2012-07-10,1247.6358191303102,1259.0895250108508,1188.7310460303875,1192.8216552734375,368200,0.0,0
2012-07-11,1181.3677863032146,1187.094638452884,1158.4603777045374,1167.459716796875,322800,0.0,0
2012-07-12,1173.1866922722118,1192.0034941705806,1154.369890373843,1170.4952392578125,215400,0.0,0
2012-07-13,1152.7335771986764,1171.550377962033,1146.1886030201176,1160.914794921875,138100,0.0,0
2012-07-17,1161.7330225688256,1167.4598754969818,1145.3705856312367,1147.824951171875,184800,0.0,0
2012-07-18,1148.6429443359375,1158.460405398638,1135.5529962523372,1148.6429443359375,132300,0.0,0
2012-07-19,1158.4604426715773,1181.3678525549135,1142.0980070406229,1159.278564453125,103400,0.0,0
2012-07-20,1162.5510588702034,1168.2779113769532,1107.7368991627413,1112.6456298828125,157900,0.0,0
2012-07-23,1063.558274503104,1112.6455794801705,1057.8314222557797,1103.646240234375,264800,0.0,0
2012-07-24,1088.102053860175,1118.372562125458,1071.7396169600217,1102.8282470703125,271400,0.0,0
2012-07-25,1096.283139659443,1106.9187223576316,1075.8300960090803,1088.9200439453125,222900,0.0,0
2012-07-26,1087.2837469894641,1165.005309039125,1087.2837469894641,1126.5535888671875,239500,0.0,0
2012-07-27,1186.276607406872,1186.276607406872,1143.734273899867,1171.5504150390625,199000,0.0,0
2012-07-30,1188.730943943299,1201.820892396907,1168.277899484536,1190.3671875,199700,0.0,0
2012-07-31,1174.8228672572545,1194.4577898297991,1144.5523616245814,1145.3704833984375,287500,0.0,0
2012-08-01,1129.0079090831043,1145.370342548077,1107.7367455786402,1116.736083984375,178700,0.0,0
2012-08-02,1117.5543540265087,1133.9167896637928,1106.1006490804098,1113.4637451171875,258200,0.0,0
2012-08-03,1084.0114284206081,1097.9194995777027,1073.3758445945946,1089.73828125,223600,0.0,0
2012-08-06,1114.2816867786014,1120.0085383259218,1091.3742805893205,1105.2823486328125,146500,0.0,0
2012-08-07,1094.6469248662595,1120.0086996576304,1088.101950726551,1115.9180908203125,116000,0.0,0
2012-08-08,1139.6436416959796,1164.1872951424114,1126.553693191216,1159.278564453125,216200,0.0,0
2012-08-09,1135.5530199799593,1165.823525555794,1135.5530199799593,1160.914794921875,153900,0.0,0
2012-08-10,1161.7329789579217,1165.8235880387592,1126.553740862717,1138.0074462890625,145300,0.0,0
2012-08-13,1147.8248465647573,1169.0960126450734,1145.3704812477977,1160.914794921875,119900,0.0,0
2012-08-14,1167.4597822686023,1171.5503911763408,1142.9161288221705,1159.278564453125,138000,0.0,0
2012-08-15,1174.004713886916,1174.8228356387538,1119.1905565137988,1133.916748046875,110100,0.0,0
2012-08-16,1135.5529915505501,1147.0066960762763,1124.9174087766617,1133.916748046875,113300,0.0,0
2012-08-17,1165.0053580820477,1196.9121059508677,1161.732871121143,1166.6416015625,256500,0.0,0
2012-08-20,1199.366568732559,1263.1800696610308,1192.0034724715815,1245.99951171875,362700,0.0,0
2012-08-21,1251.726493685067,1263.9983220545284,1235.3640558591183,1245.1815185546875,246800,0.0,0
2012-08-22,1245.9995613786166,1246.8176832179986,1216.5471751608686,1224.7283935546875,114300,0.0,0
2012-08-23,1217.3652970002506,1245.9995613786166,1200.1847383732309,1224.7283935546875,226400,0.0,0
2012-08-24,1211.6384343327702,1223.9102618243244,1206.7297033361485,1210.8203125,97300,0.0,0
2012-08-27,1237.0001561423157,1245.9994959026103,1184.6403611733288,1187.0947265625,135400,0.0,0
2012-08-28,1187.9128112368523,1216.547073215702,1167.4597669662453,1176.4591064453125,160400,0.0,0
2012-08-29,1176.4591663979897,1202.6390643985014,1170.7323137103779,1199.3665771484375,105700,0.0,0
2012-08-30,1190.3672241709862,1208.365903849173,1177.2772753141232,1201.0028076171875,177900,0.0,0
2012-08-31,1201.0028537398823,1240.2727018185706,1201.0028537398823,1225.5465087890625,239100,0.0,0
2012-09-03,1226.3644127383475,1236.9999947033898,1199.3663969809322,1206.7294921875,150600,0.0,0
2012-09-04,1201.820834825773,1205.9114435215722,1168.2778435202206,1182.1859130859375,102100,0.0,0
2012-09-05,1168.2778466068096,1178.9134292439865,1134.7348552126366,1151.0972900390625,157900,0.0,0
2012-09-06,1151.097325158666,1178.0953434459695,1138.0073768981551,1177.2772216796875,114900,0.0,0
2012-09-07,1201.8208901393689,1206.7296208002513,1183.0040892726531,1205.9114990234375,215900,0.0,0
2012-09-10,1224.728295462472,1240.2726091657366,1200.1846422467913,1237.0001220703125,161500,0.0,0
2012-09-11,1229.6370981357481,1229.6370981357481,1209.1840525912412,1228.0008544921875,111100,0.0,0
2012-09-12,1224.7284097715633,1245.999577877148,1224.7284097715633,1237.818359375,84600,0.0,0
2012-09-13,1237.8181617803516,1242.7268920980528,1209.1839015937605,1216.5469970703125,155200,0.0,0
2012-09-14,1255.8169352464406,1331.9022609649546,1247.6357174272455,1326.9935302734375,419700,0.0,0
2012-09-18,1321.266914221951,1349.9011817128292,1305.7225975840456,1327.8118896484375,223800,0.0,0
2012-09-19,1341.719635637092,1368.7176526956432,1321.2665924109167,1353.17333984375,135400,0.0,0
2012-09-20,1329.4477685392842,1341.7195940950314,1292.6322918720425,1296.722900390625,200100,0.0,0
2012-09-21,1292.632396107194,1311.4491968100203,1282.814934870937,1283.633056640625,181600,0.0,0
2012-09-24,1280.3605176772057,1307.358534982859,1280.3605176772057,1290.177978515625,86400,0.0,0
2012-09-25,1280.3604471893696,1304.0859762427187,1280.3604471893696,1299.17724609375,80900,0.0,0
2012-09-26,1266.4524839319183,1288.5417714423586,1250.0900487389995,1254.998779296875,140300,0.0,0
2012-09-27,1243.5451153154952,1280.360595703125,1237.818262810753,1280.360595703125,289900,0.0,0
2012-09-28,1281.9969119510135,1286.905642947635,1236.1820893158783,1241.0908203125,189800,0.0,0
2012-10-01,1223.0922079117572,1247.6358642578125,1219.8197203989498,1247.6358642578125,115000,0.0,0
2012-10-02,1247.6357051304408,1258.271288190569,1235.3638785226003,1237.0001220703125,119900,0.0,0
2012-10-03,1230.455094623132,1287.7236163143682,1226.3644859309009,1259.08935546875,172100,0.0,0
2012-10-04,1263.9980491355611,1335.1746383101852,1260.7255622769578,1325.357177734375,261500,0.0,0
2012-10-05,1329.4477969552008,1358.0820571973127,1329.4477969552008,1354.8095703125,228000,0.0,0
2012-10-09,1355.627712964136,1371.1720259069957,1330.2659392152596,1336.8109130859375,150600,0.0,0
2012-10-10,1308.994939072327,1321.2667666261302,1290.1781368231623,1300.813720703125,133300,0.0,0
2012-10-11,1277.088250193187,1316.3581002952196,1273.8157626846842,1277.9063720703125,166600,0.0,0
2012-10-12,1285.2695493762756,1331.0843773616807,1285.2695493762756,1327.8118896484375,133000,0.0,0
2012-10-15,1317.994234424091,1373.626517441371,1315.539868996858,1367.08154296875,195100,0.0,0
2012-10-16,1388.3526502336774,1394.8976244245257,1348.264683314732,1374.444580078125,180900,0.0,0
2012-10-17,1387.534502115499,1394.0794761820814,1372.8083104656882,1377.717041015625,164300,0.0,0
2012-10-18,1386.7164542214912,1414.5325954861112,1375.262748994883,1398.98828125,168900,0.0,0
2012-10-19,1398.9882915697833,1416.9869713443652,1383.4439772190078,1412.8963623046875,138200,0.0,0
2012-10-22,1421.8956131307561,1495.5265712330392,1414.5325173205279,1454.6204833984375,391200,0.0,0
2012-10-23,1454.6206121980947,1488.9817290216718,1450.5300030524309,1484.072998046875,344200,0.0,0
2012-10-24,1451.3480009830876,1488.9816019104956,1445.6211486680472,1469.3466796875,354700,0.0,0
2012-10-25,1483.2549650203796,1498.7992807045423,1457.8931867988506,1488.1636962890625,228300,0.0,0
2012-10-26,1495.5267731952354,1503.7079918669817,1475.0737265158696,1490.6180419921875,257400,0.0,0
2012-10-29,1497.1630637428977,1554.4315962357955,1493.0724542791195,1529.887939453125,540300,0.0,0
2012-10-30,1526.6153030852358,1538.8871302804548,1489.799821499579,1502.8897705078125,447200,0.0,0
2012-10-31,1489.799741429209,1502.0715679648697,1466.8923318959755,1482.4366455078125,305000,0.0,0
2012-11-01,1494.7084892904684,1561.7944751261653,1482.4366626132066,1541.3414306640625,370900,0.0,0
2012-11-02,1562.6126941677019,1608.4275166145037,1548.70462306778,1605.155029296875,411200,0.0,0
2012-11-05,1600.246261022081,1600.246261022081,1558.522048694818,1564.2489013671875,195200,0.0,0
2012-11-06,1544.6137899417201,1549.5225202063655,1488.9815136090735,1526.6151123046875,205800,0.0,0
2012-11-07,1532.3422292646896,1550.3409100141948,1511.0710611061836,1524.1610107421875,163800,0.0,0
2012-11-08,1473.4371648723973,1515.9794927865366,1472.6190431817408,1500.4351806640625,169100,0.0,0
2012-11-09,1473.4375024830135,1498.7992807045423,1466.074405579989,1488.1636962890625,93200,0.0,0
2012-11-12,1466.892283498505,1484.89096182364,1455.4385791097827,1457.8929443359375,88400,0.0,0
2012-11-13,1458.7113839423569,1462.80199354399,1407.16970296178,1448.8939208984375,211000,0.0,0
2012-11-14,1448.0755799377744,1500.4353749185752,1441.5306055651743,1491.43603515625,131300,0.0,0
2012-11-15,1489.7998158203125,1537.2508807942709,1477.527988671875,1533.9783935546875,191900,0.0,0
2012-11-16,1542.9775253639962,1569.9755414493684,1517.6157526777376,1560.1580810546875,232600,0.0,0
2012-11-19,1583.8836995484853,1603.5186214437144,1571.611873363967,1579.7930908203125,190100,0.0,0
2012-11-20,1607.6092088643675,1632.1528609080983,1587.1561654945917,1597.791748046875,264200,0.0,0
2012-11-21,1599.4279259798143,1636.2434025368943,1599.4279259798143,1621.5172119140625,184700,0.0,0
2012-11-22,1636.2434960165515,1665.6958789448493,1636.2434960165515,1655.87841796875,229900,0.0,0
2012-11-26,1683.694652234978,1705.7839406753787,1657.514754824133,1674.6953125,291500,0.0,0
2012-11-27,1682.876473825512,1724.6006839203594,1679.6039867592494,1712.328857421875,271400,0.0,0
2012-11-28,1680.4222031686895,1695.9665176089063,1596.973778279105,1609.24560546875,378600,0.0,0
2012-11-29,1657.5147508345783,1674.6953084690927,1650.1516547055007,1659.9691162109375,221600,0.0,0
2012-11-30,1681.2402409123583,1731.1456689881024,1650.9697353582185,1680.422119140625,402800,0.0,0
2012-12-03,1758.9617448694567,1824.4114842134363,1756.5073796440572,1780.23291015625,853700,0.0,0
2012-12-04,1789.2323514183097,1844.86463303534,1787.5961078413382,1828.502197265625,599500,0.0,0
2012-12-05,1830.9564338916102,1859.5906944752592,1808.049025424691,1829.3201904296875,280800,0.0,0
2012-12-06,1862.8633469428898,1864.4995905502178,1839.1378146366344,1854.68212890625,300400,0.0,0
2012-12-07,1863.6814922362853,1875.9533194459184,1836.6834723750924,1866.9539794921875,226700,0.0,0
2012-12-10,1857.136499910624,1863.6814743596483,1807.2310697368143,1823.593505859375,224300,0.0,0
2012-12-11,1815.4123865970105,1832.5929454607046,1793.3230966294038,1811.32177734375,290800,0.0,0
2012-12-12,1848.9554325403792,1856.3185293956285,1816.23055762816,1820.3211669921875,279600,0.0,0
2012-12-13,1861.2271339344093,1934.0399756575575,1835.0472357867604,1896.4063720703125,423700,0.0,0
2012-12-14,1906.2234467315998,1950.402015883319,1887.406648759571,1929.948974609375,487500,0.0,0
2012-12-17,2004.39819642006,2012.579413548305,1947.129676522344,1957.7652587890625,362100,0.0,0
2012-12-18,1957.7655717256719,2001.1260294362696,1931.5856727305938,1994.5810546875,261300,0.0,0
2012-12-19,1994.5811988031237,2044.4866348683372,1966.7650541110374,2006.85302734375,542200,0.0,0
2012-12-20,1979.8547896622345,2027.3058548690153,1958.583622500574,2003.580322265625,392400,0.0,0
2012-12-21,2024.8515125552863,2057.5763854854727,1954.4930357553856,1985.5816650390625,365600,0.0,0
2012-12-25,2006.034612687993,2102.5729831191443,1996.217151288215,2073.938720703125,412500,0.0,0
2012-12-26,2073.9388986523822,2126.2986972771364,2065.7576801172645,2082.1201171875,403800,0.0,0
2012-12-27,2091.119156538777,2139.388338947145,2045.3043393376145,2058.394287109375,504100,0.0,0
2012-12-28,2090.300955953477,2108.2996334607087,2052.6673575292657,2068.211669921875,308300,0.0,0
2013-01-04,2106.663679545538,2109.936166814735,2046.9407868826936,2093.57373046875,519700,0.0,0
2013-01-07,2093.5732989216044,2117.2988267327523,1998.6711876770144,2008.4886474609375,506700,0.0,0
2013-01-08,1964.3104075561778,2010.125227557488,1923.4043182692935,1951.220458984375,522200,0.0,0
2013-01-09,1922.5864758330874,2018.306738672437,1899.6790625040123,1991.3087158203125,380700,0.0,0
2013-01-10,2011.7613368101147,2084.5741708792893,1997.8532673811715,2044.4862060546875,470900,0.0,0
2013-01-11,2085.3921919251084,2118.935181281299,2035.4867687366298,2103.390869140625,579900,0.0,0
2013-01-15,2127.1167652027025,2240.83569995777,2105.0274757179054,2209.7470703125,702300,0.0,0
2013-01-16,2195.8386857024334,2225.291067477876,2117.29900096792,2126.29833984375,742000,0.0,0
2013-01-17,2156.56904285471,2168.022747938157,2069.030011145509,2101.7548828125,458200,0.0,0
2013-01-18,2145.115316604182,2198.293232538306,2145.115316604182,2195.8388671875,380800,0.0,0
2013-01-21,2192.5666523304485,2192.5666523304485,2136.1162422517914,2162.296142578125,375200,0.0,0
2013-01-22,2186.83971796135,2260.4706848960755,2168.8410371550835,2202.384033203125,416900,0.0,0
2013-01-23,2166.386599883511,2212.201422237543,2132.025483117987,2150.84228515625,413300,0.0,0
2013-01-24,2150.8423399957937,2401.187625670466,2130.3892937805426,2385.643310546875,1181700,0.0,0
2013-01-25,2414.277635677352,2444.5481448335913,2368.4628110084495,2378.2802734375,819600,0.0,0
2013-01-28,2424.9131506168433,2527.9965031734296,2380.734570949735,2507.54345703125,613200,0.0,0
2013-01-29,2495.271353954601,2577.083529494096,2442.0934398539293,2511.6337890625,729200,0.0,0
2013-01-30,2564.81216655833,2675.258623491464,2527.996680913952,2605.71826171875,783600,0.0,0
2013-01-31,2577.083431195609,2622.0801260260087,2544.3585622280457,2585.2646484375,357200,0.0,0
2013-02-01,2642.5336665919567,2650.7148853739754,2487.0905097336063,2495.271728515625,447300,0.0,0
2013-02-04,2552.5398115590333,2605.7177242998464,2536.1773768695525,2581.174072265625,344700,0.0,0
2013-02-05,2507.5431959855578,2572.9929368269427,2495.271369577798,2540.26806640625,293600,0.0,0
2013-02-06,2609.808349609375,2626.1707844031644,2564.8116539264547,2609.808349609375,372400,0.0,0
2013-02-07,2593.445865679391,2613.898908784118,2552.5397794699365,2585.2646484375,347300,0.0,0
2013-02-08,2589.3551519724947,2597.5363688823604,2462.5462898695764,2474.818115234375,424800,0.0,0
2013-02-12,2532.0868965404457,2577.083594217255,2511.633852141896,2564.811767578125,403200,0.0,0
2013-02-13,2523.905874493127,2540.268311280765,2424.0950100885366,2449.456787109375,466400,0.0,0
2013-02-14,2402.824003525202,2429.0039041424325,2312.830595153471,2369.281005859375,739300,0.0,0
2013-02-15,2331.646956177842,2361.9174605212033,2250.652904015875,2303.0126953125,498700,0.0,0
2013-02-18,2359.463313768765,2420.822449875789,2356.1908265097236,2397.9150390625,353300,0.0,0
2013-02-19,2411.8230768770222,2420.8224167161156,2387.279422770404,2402.005615234375,322700,0.0,0
2013-02-20,2442.9116057056926,2462.5465281895968,2396.2786648064216,2414.27734375,257900,0.0,0
2013-02-21,2399.5511429801404,2427.3672830624196,2375.0074899663646,2384.824951171875,228300,0.0,0
2013-02-22,2363.553714105933,2365.1899575909497,2265.37910500496,2332.465087890625,450900,0.0,0
2013-02-25,2401.1873977027903,2466.637139377824,2383.188718742156,2444.5478515625,395100,0.0,0
2013-02-26,2372.5531066290223,2507.5431971786047,2372.5531066290223,2478.908935546875,418300,0.0,0
2013-02-27,2515.724445634099,2532.0868810528573,2423.2766855181144,2444.5478515625,330300,0.0,0
2013-02-28,2452.72925464527,2585.2649915540537,2452.72925464527,2572.9931640625,503500,0.0,0
2013-03-01,2556.6307274070946,2593.4462098817567,2532.0870724239862,2572.9931640625,363000,0.0,0
2013-03-04,2630.261895907515,2765.2520087612443,2630.261895907515,2728.4365234375,612900,0.0,0
2013-03-05,2732.5268124517,2789.795338461167,2634.3521964354713,2646.6240234375,508600,0.0,0
2013-03-06,2703.892215716876,2712.0734327084547,2585.2645693389795,2626.170654296875,374500,0.0,0
2013-03-07,2650.7149325284095,2662.9867609197445,2507.543601296165,2519.8154296875,485800,0.0,0
2013-03-08,2519.815270217729,2630.26171875,2519.815270217729,2630.26171875,542700,0.0,0
2013-03-11,2683.439306933009,2769.342089624462,2658.895654735451,2732.526611328125,492500,0.0,0
2013-03-12,2736.6173691168065,2744.7985869616996,2662.9864085127665,2683.439453125,387200,0.0,0
2013-03-13,2667.077087306827,2695.7113505141087,2609.8085608922634,2613.899169921875,228000,0.0,0
2013-03-14,2650.7144851337252,2732.526660600816,2638.4426588136616,2695.711181640625,336200,0.0,0
2013-03-15,2736.6172853761964,2777.523373348935,2712.0736325925536,2724.345458984375,424700,0.0,0
2013-03-18,2740.7081672822706,2740.7081672822706,2626.171109545101,2630.26171875,267900,0.0,0
2013-03-19,2687.5297817337178,2691.6203902295074,2609.808220313717,2626.170654296875,237700,0.0,0
2013-03-21,2691.620670969893,2777.523458341273,2667.0770174352133,2683.439453125,696100,0.0,0
2013-03-22,2626.17096796875,2638.4427949218752,2552.5400062500003,2556.630615234375,397000,0.0,0
2013-03-25,2613.899169921875,2671.167696336439,2560.7212525369227,2613.899169921875,811900,0.0,0
2013-03-26,2560.7212525369227,2626.17099701071,2552.5400344776995,2613.899169921875,501400,0.0,0
2013-03-27,2630.3905412120935,2787.0595703125,2630.3905412120935,2787.0595703125,455900,25.0,0
2013-03-28,2799.4281997680664,2853.0254996163503,2721.0936846051895,2770.568115234375,376300,0.0,0
2013-03-29,2758.1992333088447,2762.322102117976,2667.496119507956,2696.356201171875,192400,0.0,0
2013-04-01,2696.356296913297,2696.356296913297,2440.738421670752,2523.19580078125,429600,0.0,0
2013-04-02,2453.1070245879264,2535.564403565672,2425.071515735493,2477.84423828125,527000,0.0,0
2013-04-03,2556.1791270776635,2675.742344311941,2556.1791270776635,2651.005126953125,427400,0.0,0
2013-04-04,2593.2846590973613,2844.7796737316044,2593.2846590973613,2836.533935546875,957800,0.0,0
2013-04-05,3050.9232745322456,3413.7357720441883,3034.4317973726115,3236.452392578125,1495700,0.0,0
2013-04-08,3384.8753353794646,3624.001729352679,3380.752466517857,3607.51025390625,776500,0.0,0
2013-04-09,3706.459745601553,3710.582615173969,3471.4561799738685,3599.26513671875,828900,0.0,0
2013-04-10,3541.5447219149346,3624.0021077569586,3487.947421117619,3508.561767578125,456500,0.0,0
2013-04-11,3545.6674115349265,3607.5104477826285,3327.155350126379,3504.438720703125,426500,0.0,0
2013-04-12,3504.4386754491957,3541.5444967186577,3417.8584258204505,3492.070068359375,374700,0.0,0
2013-04-15,3492.070515608587,3496.1933851665663,3405.4902548910186,3434.350341796875,208500,0.0,0
2013-04-16,3376.630318653043,3492.070671427506,3347.7702304594277,3454.96484375,411600,0.0,0
2013-04-17,3512.6847867161136,3669.3538264992267,3508.561917248137,3665.23095703125,449600,0.0,0
2013-04-18,3628.12513181946,3788.9170410705497,3582.773567671717,3665.23095703125,706800,0.0,0
2013-04-19,3722.950687333322,3784.7937220066333,3615.756093899583,3768.30224609375,580600,0.0,0
2013-04-22,4028.043096328207,4172.343514313353,3912.60276194009,3929.09423828125,1280800,0.0,0
2013-04-23,4073.3950441209536,4304.275734880845,3970.323307174573,4011.552001953125,1259300,0.0,0
2013-04-24,3966.2003518725196,4011.551915147569,3863.1286171564975,3896.111572265625,708600,0.0,0
2013-04-25,3842.5142045454545,3875.497159090909,3710.5823863636365,3854.8828125,569100,0.0,0
2013-04-26,3809.5307476787143,3920.848204591404,3809.5307476787143,3871.373779296875,331500,0.0,0
2013-04-30,3924.971860071656,3953.8319472780654,3821.900120048766,3883.7431640625,303900,0.0,0
2013-05-01,3891.9883154403724,3908.479791353255,3702.3363424422187,3768.30224609375,374700,0.0,0
2013-05-02,3710.5826532920382,3755.934219054496,3677.5996963738867,3702.3369140625,294000,0.0,0
2013-05-07,3793.0395744842235,3842.514003716626,3735.31940704642,3821.899658203125,318400,0.0,0
2013-05-08,3875.4968542047236,4077.5174349026292,3842.513902254045,3949.70849609375,798000,0.0,0
2013-05-09,4015.6746027282397,4106.377725171793,3916.7257418807267,3937.340087890625,574900,0.0,0
2013-05-10,4052.780787696523,4065.1493964077026,3924.9718310143335,3990.937744140625,387900,0.0,0
2013-05-13,4044.5351327034423,4155.852613420051,3945.5862609553456,4061.026611328125,497500,0.0,0
2013-05-14,4118.745918202474,4122.868786989464,3962.0769042968745,3962.076904296875,337000,0.0,0
2013-05-15,4019.797585227273,4023.9204545454545,3628.125,3673.4765625,676700,0.0,0
2013-05-16,3673.477044267057,3821.9003591869377,3323.033106261782,3553.913818359375,860700,0.0,0
2013-05-17,3553.9136079308187,3735.3198709806516,3442.5961283320576,3702.3369140625,431600,0.0,0
2013-05-20,3817.7766950334817,3821.899564034598,3698.213494001116,3751.810791015625,286700,0.0,0
2013-05-21,3735.3196953667534,3735.3196953667534,3553.9134408456307,3562.1591796875,364900,0.0,0
2013-05-22,3648.7394352691167,3718.828215381631,3549.79056922792,3652.8623046875,393300,0.0,0
2013-05-23,3619.8789869008083,3669.35341496779,3215.837824353793,3219.960693359375,893200,0.0,0
2013-05-24,3393.121739186672,3413.7360875413906,2960.2204237375827,3112.7666015625,872100,0.0,0
2013-05-27,3075.660831412089,3261.1899700361428,2984.9576969736627,3199.346923828125,637300,0.0,0
2013-05-28,3100.397770456015,3207.592374221782,3022.0632523194936,3186.97802734375,567700,0.0,0
2013-05-29,3339.5242159104378,3405.4901263481747,3215.8381338396807,3261.189697265625,610200,0.0,0
2013-05-30,3121.0118939298864,3207.5921446201473,3050.92311956158,3079.783203125,425500,0.0,0
2013-05-31,3133.380361830962,3186.97765749386,2968.465605945122,3042.67724609375,691000,0.0,0
2013-06-03,2927.2373121421756,2964.3431372256678,2613.899233659351,2700.4794921875,1094800,0.0,0
2013-06-04,2795.3051389663938,3174.6090811270255,2708.724891299293,3116.888916015625,1118900,0.0,0
2013-06-05,3059.168320143154,3100.397003703035,2811.7962187838693,2853.02490234375,661600,0.0,0
2013-06-06,2737.5853824013157,2989.0804250616775,2721.0939041940787,2741.708251953125,795700,0.0,0
2013-06-07,2679.8648641795717,2902.4997913575667,2655.1276500486833,2778.813720703125,583200,0.0,0
2013-06-10,2951.974146081864,2989.079966353843,2890.131112295233,2980.834228515625,406000,0.0,0
2013-06-11,3046.800426136364,3199.346590909091,3034.4318181818185,3038.5546875,889100,0.0,0
2013-06-12,2951.974734099015,3055.046477608059,2890.131687993589,3034.43212890625,376300,0.0,0
2013-06-13,2910.745529401196,2923.1141364666405,2770.5679826594956,2778.813720703125,576100,0.0,0
2013-06-14,2951.9743130488605,2951.9743130488605,2741.7079862814135,2758.199462890625,480800,0.0,0
2013-06-17,2733.4622128768706,2951.974275143046,2716.970736479423,2927.237060546875,655200,0.0,0
2013-06-18,2984.957214273762,3100.397548527443,2972.588607032296,3079.783203125,844400,0.0,0
2013-06-19,3170.486347228842,3207.5921692380225,3067.4146194255636,3108.643310546875,707500,0.0,0
2013-06-20,3046.8003363863713,3079.7832899602427,2972.5886908451607,3013.8173828125,453100,0.0,0
2013-06-21,2848.9025705249737,2993.202990160826,2803.5510100679917,2956.09716796875,694400,0.0,0
2013-06-24,3034.431997936726,3133.380867434663,2976.7118240629297,2997.326171875,629400,0.0,0
2013-06-25,3026.185918931558,3092.1518245213465,2861.2711549570863,2927.237060546875,455100,0.0,0
2013-06-26,3034.431649279911,3038.5545183686068,2791.1823730468745,2791.182373046875,430900,0.0,0
2013-06-27,2877.76293704271,2923.1145019531255,2762.3225899980166,2923.114501953125,507200,0.0,0
2013-06-28,2943.728358239762,3137.503194146301,2943.728358239762,3121.01171875,572900,0.0,0
2013-07-01,3092.151641845703,3170.4861501057944,3034.4314778645835,3166.36328125,367300,0.0,0
2013-07-02,3182.85519835445,3339.5242366154203,3182.85519835445,3335.4013671875,524900,0.0,0
2013-07-03,3393.12125292154,3496.1929799240165,3327.1553476399545,3459.087158203125,717700,0.0,0
2013-07-04,3401.366991081738,3500.3158490041155,3380.7526456812425,3459.087158203125,331100,0.0,0
2013-07-05,3467.3334054789084,3520.930711389997,3446.7190570515663,3487.94775390625,404500,0.0,0
2013-07-08,3570.4050372101965,3619.8794719059497,3413.7359940069778,3434.350341796875,456900,0.0,0
2013-07-09,3492.0704459828034,3516.8076628374633,3388.998709088388,3483.82470703125,559000,0.0,0
2013-07-10,3541.5448348890295,3603.3878762433196,3421.981621604068,3471.4560546875,405400,0.0,0
2013-07-11,3413.7356655808308,3512.684525452739,3405.4899272581715,3500.31591796875,312400,0.0,0
2013-07-12,3500.3164109113964,3512.6850201372317,3401.367537104714,3454.96484375,317700,0.0,0
2013-07-16,3504.4387257427247,3603.387583881343,3487.9472493862886,3595.141845703125,523300,0.0,0
2013-07-17,3603.387784090909,3607.510653409091,3520.930397727273,3582.7734375,233100,0.0,0
2013-07-18,3591.0192421141746,3624.002197265625,3533.299070599136,3624.002197265625,1012800,0.0,0
2013-07-19,3661.1080926912964,3669.3538316387994,3492.070444267487,3529.17626953125,605600,0.0,0
2013-07-22,3512.6847525880717,3516.807622015992,3310.6641506199785,3335.4013671875,786800,0.0,0
2013-07-23,3314.786865234375,3417.8585961185286,3281.803911351446,3314.786865234375,537600,0.0,0
2013-07-24,3306.5411267636428,3372.507034529501,3273.5581728807138,3314.786865234375,503700,0.0,0
2013-07-25,3314.7869087633235,3335.4012552108566,3186.977960788618,3191.100830078125,297600,0.0,0
2013-07-26,3100.3976137329932,3125.134828736182,3001.448753720238,3030.308837890625,542800,0.0,0
2013-07-29,2902.499710235378,2960.219874927559,2857.14815226295,2890.131103515625,366000,0.0,0
2013-07-30,2869.5170242936642,3050.9232729559076,2869.5170242936642,3009.694580078125,689600,0.0,0
2013-07-31,2960.2199919030113,3030.3087660845586,2927.2370393469887,2943.728515625,391100,0.0,0
2013-08-01,2947.8514336571807,3050.9231621067324,2939.6056953812163,3046.80029296875,406100,0.0,0
2013-08-02,3100.3980781865966,3137.50390625,3063.2922501231933,3137.50390625,305100,0.0,0
2013-08-05,3129.2578125,3178.732244318182,3067.414772727273,3083.90625,243000,0.0,0
2013-08-06,3083.9061370642007,3104.5204829001914,2956.0971928810586,3030.308837890625,296500,0.0,0
2013-08-07,2935.4831338652484,2968.466090425532,2906.623046875,2906.623046875,305300,0.0,0
2013-08-08,2906.6229360914162,2927.2372831558946,2869.517111375356,2898.377197265625,468300,0.0,0
2013-08-09,2910.745943019701,2923.114551842731,2811.797072435462,2844.780029296875,332200,0.0,0
2013-08-12,2803.5509348340133,2844.7796250521606,2766.445113637681,2778.813720703125,226500,0.0,0
2013-08-13,2811.796875,2923.114346590909,2795.305397727273,2857.1484375,557800,0.0,0
2013-08-14,2914.868586130368,2964.343017578125,2844.779808246045,2964.343017578125,458300,0.0,0
2013-08-15,2861.271193560432,2902.499885110294,2799.4281562356387,2803.551025390625,330500,0.0,0
2013-08-16,2741.7079439825284,2811.7967184903523,2733.4622058051373,2791.182373046875,344200,0.0,0
2013-08-19,2791.1825925303388,2910.745805504312,2791.1825925303388,2898.377197265625,402900,0.0,0
2013-08-20,2857.1484375,2927.237215909091,2811.796875,2811.796875,306600,0.0,0
2013-08-21,2820.04224229991,2886.0081427045866,2815.919373524618,2865.393798828125,256300,0.0,0
2013-08-22,2857.148760882063,3203.4698228071616,2857.148760882063,3137.50390625,1362200,0.0,0
2013-08-23,3174.6091342979753,3252.943645404029,3141.626182253321,3219.960693359375,897700,0.0,0
2013-08-26,3219.9612420159415,3219.9612420159415,3030.30923544394,3050.923583984375,552000,0.0,0
2013-08-27,3030.308816416822,3116.8890683144455,2989.0801250370014,3046.80029296875,280300,0.0,0
2013-08-28,2886.008522727273,2972.588778409091,2886.008522727273,2947.8515625,248400,0.0,0
2013-08-29,2960.2201704545455,3108.643465909091,2960.2201704545455,3038.5546875,353400,0.0,0
2013-08-30,3116.888895456414,3186.97766691509,3083.905944181743,3133.38037109375,494000,0.0,0
2013-09-02,3191.1008522727275,3331.278409090909,3174.609375,3310.6640625,620000,0.0,0
2013-09-03,3310.663995999009,3347.769819117304,3265.3124344099815,3314.786865234375,352500,0.0,0
2013-09-04,3290.050054072196,3463.2105832338907,3277.6814448463606,3454.96484375,634400,0.0,0
2013-09-05,3450.84109106561,3504.438383997334,3413.735272882109,3479.701171875,490900,0.0,0
2013-09-06,3479.70152507485,3487.947263285928,3421.9813575973053,3442.595703125,407600,0.0,0
2013-09-09,3578.6506129319105,3578.6506129319105,3492.070356167429,3549.79052734375,458800,0.0,0
2013-09-10,3549.7902031975823,3665.2305350088855,3504.4386442717127,3661.107666015625,524400,0.0,0
2013-09-11,3665.2306698870366,3764.1795293665514,3628.124847582218,3698.213623046875,388500,0.0,0
2013-09-12,3681.7217260088237,3702.336069379534,3607.5100898742676,3694.09033203125,264100,0.0,0
2013-09-13,3710.5818853513497,3809.5307356273856,3681.721804020839,3780.670654296875,533300,0.0,0
2013-09-17,3826.022793428801,3908.4801812182145,3793.0398383130355,3850.760009765625,327200,0.0,0
2013-09-18,3859.0054638313222,3949.7085837076993,3854.8825947460323,3929.09423828125,381700,0.0,0
2013-09-19,3953.8315659675045,4007.4288656104422,3912.602873934475,3982.691650390625,382800,0.0,0
2013-09-20,3962.077370567519,4003.3060632893457,3933.2172856622406,3978.56884765625,338300,0.0,0
2013-09-24,3900.234418741862,3974.4460673014323,3879.620071919759,3957.95458984375,318200,0.0,0
2013-09-25,3900.2341711544295,3924.971385770631,3801.285312689624,3821.899658203125,268100,0.0,0
2013-09-26,3743.5652785168345,3995.060302734375,3743.5652785168345,3995.060302734375,447800,0.0,0
2013-09-27,3974.445956487036,4015.6746489817147,3908.4800484955495,3995.060302734375,277800,0.0,0
2013-09-30,3891.9880568484045,3908.4795316655586,3768.3019957197475,3875.49658203125,645800,0.0,0
2013-10-01,3875.4970285616523,3990.937365582638,3859.0055518443687,3953.83154296875,270100,0.0,0
2013-10-02,3949.7082860132123,3999.182711307741,3859.005172973243,3871.373779296875,270400,0.0,0
2013-10-03,3871.3739705492685,3883.7425774839307,3768.3022460937505,3768.30224609375,321800,0.0,0
2013-10-04,3681.721843253661,3805.407907416718,3656.9846304210496,3747.687744140625,329500,0.0,0
2013-10-07,3772.425809733073,3850.760334743924,3698.2141544596357,3710.582763671875,295500,0.0,0
2013-10-08,3632.247586565368,3722.950704504571,3595.141765590239,3706.459228515625,266500,0.0,0
2013-10-09,3731.1966072854207,3970.323019686033,3689.9679154922114,3953.83154296875,589200,0.0,0
2013-10-10,3966.199864573908,4023.9200289232163,3924.9711757529735,3986.814208984375,424000,0.0,0
2013-10-11,4028.0432376444455,4197.080876071695,4023.9203684145127,4147.6064453125,733600,0.0,0
2013-10-15,4230.063965816422,4271.292659440363,4122.869362394174,4139.36083984375,327300,0.0,0
2013-10-16,4180.589488636364,4345.504261363637,4164.098011363637,4263.046875,890400,0.0,0
2013-10-17,4320.767404681467,4370.2418406129345,4188.8355755308885,4271.29296875,454400,0.0,0
2013-10-18,4238.30970454121,4287.78413688994,4122.869362394174,4139.36083984375,437800,0.0,0
2013-10-21,4386.733139038086,4411.470355987549,4205.326881408691,4221.818359375,707500,0.0,0
2013-10-22,4246.555218780577,4271.29243364726,4172.343574180528,4213.572265625,397900,0.0,0
2013-10-23,4254.800906626128,4271.2923830084,4098.131880994546,4110.50048828125,355900,0.0,0
2013-10-24,4089.886585135815,4110.500932843152,4028.043542013802,4098.13232421875,351200,0.0,0
2013-10-25,4131.115011246478,4172.343703973489,3986.8145867019402,4023.92041015625,360100,0.0,0
2013-10-28,4098.13174500253,4110.500351878795,4036.2887106212042,4073.39453125,211700,0.0,0
2013-10-29,4085.763062154618,4118.746013211366,3957.954126809721,3986.814208984375,332300,0.0,0
2013-10-30,4036.2893469619366,4172.344044050541,4015.674998918209,4094.009521484375,404800,0.0,0
2013-10-31,4085.763426987006,4118.74638098892,4019.797518983179,4040.411865234375,230900,0.0,0
2013-11-01,4056.903294748037,4056.903294748037,3920.848611082706,3937.340087890625,267900,0.0,0
2013-11-05,3949.708806818182,4098.132102272727,3945.5859375,4081.640625,509700,0.0,0
2013-11-06,4032.1662364215013,4164.098056018115,3999.183281522348,4139.36083984375,252800,0.0,0
2013-11-07,4172.3437727798555,4172.3437727798555,4061.0263005811835,4065.149169921875,178200,0.0,0
2013-11-08,4019.798407270678,4048.658498399801,3966.2010951737357,4015.675537109375,173800,0.0,0
2013-11-11,4118.747145261445,4122.870015276722,4048.6583550017417,4069.272705078125,137300,0.0,0
2013-11-12,4085.7637108029344,4197.081188292015,4056.903624046506,4188.83544921875,407800,0.0,0
2013-11-13,4197.081188292015,4279.538579024668,4155.852492925689,4188.83544921875,428300,0.0,0
2013-11-14,4213.572443181818,4320.767045454546,4213.572443181818,4263.046875,427000,0.0,0
2013-11-15,4337.2587890625,4386.733223918726,4263.04713677816,4337.2587890625,451300,0.0,0
2013-11-18,4394.978472889025,4469.190116896532,4353.749781773743,4427.96142578125,433400,0.0,0
2013-11-19,4436.207038365209,4576.384584187158,4403.224086407104,4526.91015625,571900,0.0,0
2013-11-20,4609.3681640625,4691.82555519063,4543.402251159996,4609.3681640625,600000,0.0,0
2013-11-21,4584.630197888815,4667.087575548686,4452.698393633022,4625.85888671875,606300,0.0,0
2013-11-22,4658.841745246696,4741.299121268761,4551.647156418011,4601.12158203125,501100,0.0,0
2013-11-25,4675.3336750449935,4724.80810546875,4576.38481419748,4724.80810546875,431200,0.0,0
2013-11-26,4642.351513413525,4708.317431898975,4625.8600337921625,4675.33447265625,255900,0.0,0
2013-11-27,4634.104532440077,4716.561908462142,4584.630106826837,4601.12158203125,229500,0.0,0
2013-11-28,4691.825643627669,4691.825643627669,4576.38529387233,4634.10546875,260200,0.0,0
2013-11-29,4584.630941611842,4716.5627672697365,4584.630941611842,4700.0712890625,339400,0.0,0
2013-12-02,4691.8259522776125,4724.8089115203375,4642.351513413525,4675.33447265625,202300,0.0,0
2013-12-03,4683.579675418814,4840.24871385712,4683.579675418814,4799.02001953125,440300,0.0,0
2013-12-04,4724.80864094766,4757.791598301571,4683.5799442552725,4691.82568359375,283900,0.0,0
2013-12-05,4683.579271399456,4691.8250095533285,4502.173032014266,4551.6474609375,422500,0.0,0
2013-12-06,4535.155681213598,4617.613057235663,4526.909943611391,4601.12158203125,199200,0.0,0
2013-12-09,4733.054153600779,4790.7743262056665,4691.825458883001,4766.037109375,418300,0.0,0
2013-12-10,4757.791059084588,4766.036797488548,4708.316628660831,4724.80810546875,173200,0.0,0
2013-12-11,4691.8252393874445,4691.8252393874445,4609.367853809457,4658.84228515625,161100,0.0,0
2013-12-12,4617.613903175314,4634.105381400939,4568.139468498435,4609.3681640625,149000,0.0,0
2013-12-13,4592.876691163891,4592.876691163891,4485.682082572992,4518.6650390625,402300,0.0,0
2013-12-16,4477.435898657364,4502.173113567073,4394.978515625,4394.978515625,199200,0.0,0
2013-12-17,4477.436170330156,4526.910603151483,4361.995827080391,4378.4873046875,257600,0.0,0
2013-12-18,4353.750347222222,4477.436436631945,4304.275911458333,4452.69921875,262400,0.0,0
2013-12-19,4617.613591493683,4617.613591493683,4543.401944487534,4568.13916015625,294300,0.0,0
2013-12-20,4543.401812359234,4576.384765625,4502.173120777027,4576.384765625,218800,0.0,0
2013-12-24,4559.892923428867,4576.38439873964,4469.189809219613,4477.435546875,231300,0.0,0
2013-12-25,4427.961604700192,4568.13916015625,4427.961604700192,4568.13916015625,261500,0.0,0
2013-12-26,4609.368028096267,4733.054111139995,4576.38507261794,4708.31689453125,247600,0.0,0
2013-12-27,4749.545012953368,4774.2822265625,4650.59615851684,4774.2822265625,240000,0.0,0
2013-12-30,4799.019886363637,4815.511363636364,4691.825284090909,4716.5625,299300,0.0,0
2014-01-06,4691.825020075675,4766.03666362696,4683.57928190331,4733.0537109375,269100,0.0,0
2014-01-07,4716.5625,4782.528409090909,4691.825284090909,4716.5625,179900,0.0,0
2014-01-08,4749.54518728223,4766.03666362696,4658.842067386216,4733.0537109375,262800,0.0,0
2014-01-09,4700.071112450132,4749.545545212765,4609.367985718639,4650.5966796875,251000,0.0,0
2014-01-10,4584.630280148056,4592.876018061991,4510.418638922638,4559.89306640625,475200,0.0,0
2014-01-14,4411.469759427584,4419.715497295672,4238.309264197716,4287.78369140625,561800,0.0,0
2014-01-15,4345.50390625,4353.749644212524,4155.851933111954,4345.50390625,637100,0.0,0
2014-01-16,4320.767444196428,4419.716316964285,4238.310050223215,4329.01318359375,571000,0.0,0
2014-01-17,4427.961161257827,4502.172800831981,4394.978210335981,4444.45263671875,450100,0.0,0
2014-01-20,4493.9278681137985,4543.402303359087,4394.978997623219,4485.68212890625,390100,0.0,0
2014-01-21,4535.156651693898,4617.614045361061,4452.699258026737,4510.41943359375,664100,0.0,0
2014-01-22,4510.4185484730115,4559.8929749644885,4460.944121981534,4535.15576171875,435300,0.0,0
2014-01-23,4592.876420454546,4757.791193181818,4551.647727272727,4716.5625,905300,0.0,0
2014-01-24,4634.105242227771,4799.02001953125,4617.613764497422,4799.02001953125,881900,0.0,0
2014-01-27,4716.562690191948,4864.985991631554,4386.733131437266,4403.224609375,1278600,0.0,0
2014-01-28,4485.682215493602,4683.57996029479,4460.9449973934525,4510.41943359375,807400,0.0,0
2014-01-29,4625.858435288916,4807.2646484375,4617.612698327616,4807.2646484375,606400,0.0,0
2014-01-30,4675.334030341085,4716.562725494005,4576.385161974078,4642.35107421875,415100,0.0,0
2014-01-31,4757.79133039202,4807.265763636998,4535.156380789621,4617.61376953125,532500,0.0,0
2014-02-03,4543.402267630109,4559.893745915518,4312.521571634386,4337.2587890625,440300,0.0,0
2014-02-04,4056.903942846232,4197.081518107179,4048.658203125,4048.658203125,540600,0.0,0
2014-02-05,4246.555306830889,4254.801045290755,4011.551760724714,4147.6064453125,301100,0.0,0
2014-02-06,4172.343436174526,4221.817864271457,4056.9031039483534,4131.11474609375,427000,0.0,0
2014-02-07,4271.2930078125,4361.996141183035,4221.818571428571,4329.01318359375,306500,0.0,0
2014-02-10,4411.470259901718,4427.961737508827,4320.767133062618,4378.4873046875,205900,0.0,0
2014-02-12,4477.435546875,4543.401448118094,4460.944071564227,4477.435546875,275300,0.0,0
2014-02-13,4444.452166142354,4444.452166142354,4312.520376423842,4320.76611328125,231000,0.0,0
2014-02-14,4304.275659227652,4353.750092092338,4172.343838255157,4197.0810546875,253600,0.0,0
2014-02-17,4205.326353561046,4279.537995094476,4139.360449975775,4254.80078125,217200,0.0,0
2014-02-18,4254.801397635456,4353.750267347908,4172.344006208412,4337.2587890625,354300,0.0,0
2014-02-19,4320.767000809741,4353.749955014396,4254.801092400432,4296.02978515625,165100,0.0,0
2014-02-20,4287.783999130218,4337.2584298894135,4106.377753013171,4147.6064453125,322400,0.0,0
2014-02-21,4246.5551334447255,4304.275300307081,4213.572180951951,4279.5380859375,333500,0.0,0
2014-02-24,4312.521049344386,4592.876146242491,4263.046620480014,4460.9443359375,880000,0.0,0
2014-02-25,4444.452686798878,4551.647278502747,4403.223997682006,4502.1728515625,333200,0.0,0
2014-02-26,4452.698683747655,4493.927375263837,4337.258347502346,4394.978515625,308000,0.0,0
2014-02-27,4394.979050980624,4452.699226134216,4337.258875827032,4361.99609375,310100,0.0,0
2014-02-28,4370.241833057657,4403.22479028828,4312.521657904064,4361.99609375,286800,0.0,0
2014-03-03,4287.784447393822,4304.275926037645,4205.327054174711,4271.29296875,213200,0.0,0
2014-03-04,4188.835754751462,4238.310192799708,4147.607056377924,4230.064453125,273200,0.0,0
2014-03-05,4304.275208938953,4361.995374576066,4246.555043301841,4254.80078125,189400,0.0,0
2014-03-06,4238.309487863508,4419.715730534709,4197.080796347327,4394.978515625,214200,0.0,0
2014-03-07,4502.172984159977,4526.910198358659,4452.698555762615,4493.92724609375,293100,0.0,0
2014-03-10,4370.241120137571,4452.698499762808,4329.012430324952,4345.50390625,403000,0.0,0
2014-03-11,4296.029463180694,4312.52093904703,4094.0088838180695,4164.09765625,779000,0.0,0
2014-03-12,4040.4116662957786,4085.763225815425,4023.9201901068163,4052.7802734375,1046700,0.0,0
2014-03-13,4032.166349342401,4052.7806967316774,3990.9376545638493,4011.552001953125,472400,0.0,0
2014-03-14,3957.9549291578387,4015.675105208057,3854.88318621102,3891.989013671875,607200,0.0,0
2014-03-17,3863.1286171564975,3916.725919208829,3772.4254906063984,3896.111572265625,611600,0.0,0
2014-03-18,3937.3401988636365,3953.831676136364,3830.145596590909,3854.8828125,355700,0.0,0
2014-03-19,3842.5142045454545,3900.234375,3751.8110795454545,3809.53125,378100,0.0,0
2014-03-20,3784.7936149553575,3801.285090401786,3562.1586964285716,3607.51025390625,684600,0.0,0
2014-03-24,3673.4763705059163,3846.6368728193265,3665.230632300516,3821.899658203125,629200,0.0,0
2014-03-25,3834.2679481963946,3891.9881108574154,3776.5477855353734,3780.670654296875,565200,0.0,0
2014-03-26,3821.8996796282504,3859.0055017605637,3768.302380992687,3805.408203125,316200,0.0,0
2014-03-27,3726.6470976231462,3743.2283972788664,3577.415400721663,3668.612548828125,486900,25.0,0
2014-03-28,3656.176804340943,3784.6818847656245,3593.9969267160973,3784.681884765625,434500,0.0,0
2014-03-31,3842.715881215831,3888.3144515430954,3809.553284614184,3838.570556640625,345100,0.0,0
2014-04-01,3884.1696741174765,3925.6229257089117,3813.699146412037,3917.332275390625,353300,0.0,0
2014-04-02,3967.075925466815,4078.9996976586685,3954.639950778831,4016.81982421875,421800,0.0,0
2014-04-03,4062.4185828769328,4062.4185828769328,4004.3840316929764,4020.96533203125,224100,0.0,0
2014-04-04,3979.511596933472,4008.528868994445,3958.7849740327765,3987.80224609375,171800,0.0,0
2014-04-07,3880.0238029233874,3913.1863995295703,3838.570557165659,3855.15185546875,367200,0.0,0
2014-04-08,3826.134450826559,3834.425099690755,3676.9027712710267,3681.048095703125,381600,0.0,0
2014-04-09,3606.4326845366377,3627.159309160412,3448.910337395957,3486.21826171875,862600,0.0,0
2014-04-10,3581.5609716628305,3685.1941016299265,3564.979670868095,3602.28759765625,614800,0.0,0
2014-04-11,3473.7827148437495,3544.2532472451144,3424.038809619257,3473.78271484375,449500,0.0,0
2014-04-14,3436.474308941298,3465.491582961309,3299.6785885612467,3307.96923828125,698000,0.0,0
2014-04-15,3378.439762804647,3411.6023617033434,3241.644042347527,3258.225341796875,582700,0.0,0
2014-04-16,3303.823908720821,3444.764953760354,3278.9519595961974,3440.61962890625,510800,0.0,0
2014-04-17,3457.2009846909805,3564.979432654968,3436.4743600825213,3535.962158203125,496700,0.0,0
2014-04-18,3585.7059327586367,3598.1419070919032,3482.0728133147454,3577.415283203125,219500,0.0,0
2014-04-21,3602.2872940454727,3685.1937910315596,3531.816771607299,3556.688720703125,270000,0.0,0
2014-04-22,3573.2703891647197,3656.1768947137853,3535.9624616676406,3548.3984375,267100,0.0,0
2014-04-23,3672.7582180116233,3693.4848445241046,3349.4228444169207,3399.166748046875,900300,0.0,0
2014-04-24,3357.712890019192,3453.0553547975146,3324.550293574558,3341.131591796875,498800,0.0,0
2014-04-25,3336.9865713602826,3366.00384589385,3291.3879970932476,3353.56787109375,324200,0.0,0
2014-04-28,3316.2600134835025,3332.84131355092,3216.772213078997,3266.51611328125,398800,0.0,0
2014-04-30,3307.9693033020567,3336.9865778924254,3196.0455298820625,3237.498779296875,376600,0.0,0
2014-05-01,3237.4987150653637,3332.841186827852,3216.772090769171,3324.550537109375,302000,0.0,0
2014-05-02,3278.9520249887273,3320.4052743564735,3241.644100557756,3303.823974609375,243100,0.0,0
2014-05-07,3204.336252192015,3216.7722272975466,3079.9765011366976,3084.121826171875,675700,0.0,0
2014-05-08,3142.1564343180876,3183.6096854304633,3121.4298087618995,3129.720458984375,518700,0.0,0
2014-05-09,3121.429565592231,3171.173463051868,3088.266967285806,3113.138916015625,336100,0.0,0
2014-05-12,3146.30151465236,3212.626711272172,3075.8309932438087,3096.5576171875,257500,0.0,0
2014-05-13,3212.6271306251992,3278.9523359026225,3204.3364799655214,3249.93505859375,307900,0.0,0
2014-05-14,3283.097349925502,3349.4225489138958,3245.7894254945304,3303.823974609375,240200,0.0,0
2014-05-15,3245.789431079702,3249.9347560236097,3158.737607257641,3204.336181640625,254400,0.0,0
2014-05-16,3133.8654785156245,3162.8827514648433,3121.429504394531,3133.865478515625,240900,0.0,0
2014-05-19,3133.865734863281,3150.4470350477427,2984.634033203125,2984.634033203125,287000,0.0,0
2014-05-20,3009.5057979223666,3079.97631936132,3009.5057979223666,3030.232421875,322800,0.0,0
2014-05-21,2972.1979368417046,2984.633911472841,2922.454038317157,2976.34326171875,177800,0.0,0
2014-05-22,3026.0874954695555,3241.644412955058,3017.796844797036,3216.7724609375,521600,0.0,0
2014-05-23,3241.6439828043935,3258.2252819491728,3187.75476058386,3196.04541015625,252700,0.0,0
2014-05-26,3299.6784667968745,3477.9274291992183,3278.9518432617183,3465.491455078125,618900,0.0,0
2014-05-27,3440.619752754286,3473.7823527808328,3415.747802734375,3415.747802734375,333500,0.0,0
2014-05-28,3457.2012354870326,3457.2012354870326,3403.312007595748,3436.474609375,230200,0.0,0
2014-05-29,3411.6027239543637,3432.3293504668445,3361.8588203244094,3399.166748046875,308300,0.0,0
2014-05-30,3382.5848373526674,3432.328732019618,3320.4049690189786,3341.131591796875,240500,0.0,0
2014-06-02,3428.183592308792,3519.3807374488083,3411.6022931924253,3511.090087890625,341400,0.0,0
2014-06-03,3569.124996066779,3627.1595488483526,3544.253044874676,3602.28759765625,482500,0.0,0
2014-06-04,3602.28759765625,3614.7235732523013,3560.8343456694115,3602.28759765625,217100,0.0,0
2014-06-05,3602.287110206353,3672.7576290481347,3602.287110206353,3652.031005859375,412100,0.0,0
2014-06-06,3652.0313135549563,3660.3219635289743,3610.578063684866,3614.723388671875,213700,0.0,0
2014-06-09,3664.4671656231953,3689.3391147111356,3581.5606686633946,3589.851318359375,192900,0.0,0
2014-06-10,3618.868779387824,3652.031379886223,3544.2529282664254,3560.834228515625,300200,0.0,0
2014-06-11,3585.706298828125,3610.578250033869,3556.6890224214235,3585.706298828125,174400,0.0,0
2014-06-12,3490.3636515889193,3535.962226609677,3419.893126556839,3432.3291015625,467900,0.0,0
2014-06-13,3382.585256338968,3502.7996833412108,3374.2946062008823,3494.509033203125,391800,0.0,0
2014-06-16,3527.6715127457232,3531.816837672569,3411.6024147940425,3453.0556640625,253300,0.0,0
2014-06-17,3440.619506835937,3494.5087280273433,3436.474182128906,3448.91015625,178500,0.0,0
2014-06-18,3469.636962890625,3482.072937668011,3432.329038558468,3469.636962890625,146500,0.0,0
2014-06-19,3548.398065579761,3751.5189828851444,3535.9620910508597,3722.501708984375,814900,0.0,0
2014-06-20,3730.792422537076,3743.2283972788664,3639.5952744306146,3668.612548828125,484300,0.0,0
2014-06-23,3697.6298764158028,3817.844300649052,3693.4845514422423,3797.11767578125,374200,0.0,0
2014-06-24,3743.228332115325,3772.2456060076915,3668.6124849635244,3755.664306640625,288000,0.0,0
2014-06-25,3751.518922703801,3792.9721704684835,3643.740478515625,3643.740478515625,318600,0.0,0
2014-06-26,3676.902892374398,3701.774839786175,3602.287050139066,3656.17626953125,178600,0.0,0
2014-06-27,3676.903078456232,3689.339052791484,3511.090087319536,3544.252685546875,435600,0.0,0
2014-06-30,3602.2872901382616,3681.048462189616,3585.705990759029,3672.7578125,351000,0.0,0
2014-07-01,3627.159418347976,3726.6472195369493,3614.7234431993543,3693.484619140625,208600,0.0,0
2014-07-02,3730.792297431173,3784.681519505179,3693.4843744568616,3726.64697265625,195700,0.0,0
2014-07-03,3780.5362546157,3797.1175539780493,3705.920407485127,3788.826904296875,304800,0.0,0
2014-07-04,3863.4426269531245,3909.0411987304683,3855.151977539062,3896.605224609375,439300,0.0,0
2014-07-07,3896.6056442659356,4029.2560491771164,3880.0243436520377,3967.076171875,519000,0.0,0
2014-07-08,3896.605471906991,3917.33209675756,3801.2629975943732,3846.861572265625,412400,0.0,0
2014-07-09,3739.0830078125,3801.2628804479627,3697.629759388858,3739.0830078125,395100,0.0,0
2014-07-10,3797.1179938460195,3826.1352710915676,3697.6301861469974,3710.066162109375,261100,0.0,0
2014-07-11,3656.1767020572015,3656.1767020572015,3560.8342256997007,3593.996826171875,499100,0.0,0
2014-07-14,3643.7407791652035,3693.4846805872544,3602.2875279801615,3689.33935546875,216600,0.0,0
2014-07-15,3714.211058222958,3776.3909308494585,3689.339109172358,3755.664306640625,240900,0.0,0
2014-07-16,3705.920411258465,3714.211060948081,3664.467162810384,3672.7578125,206200,0.0,0
2014-07-17,3689.3394288520594,3714.2113800578036,3548.3983720195088,3585.706298828125,365800,0.0,0
2014-07-18,3498.65411355335,3531.816711786083,3473.7821648788004,3511.090087890625,408700,0.0,0
2014-07-22,3647.885804424971,3664.467103535994,3544.25268498108,3577.415283203125,474200,0.0,0
2014-07-23,3577.4155406283066,3589.8515158564464,3419.8931877385317,3428.183837890625,615500,0.0,0
2014-07-24,3399.1667528575276,3399.1667528575276,3332.8415479237224,3366.004150390625,624000,0.0,0
2014-07-25,3341.131713867187,3465.4914550781245,3328.6957397460933,3465.491455078125,633000,0.0,0
2014-07-28,3407.457148088728,3498.654298037575,3407.457148088728,3482.072998046875,198600,0.0,0
2014-07-29,3473.782413727139,3477.9277388031855,3407.457212510392,3428.183837890625,234800,0.0,0
2014-07-30,3407.457093405753,3432.329042992656,3366.003844094247,3386.73046875,303100,0.0,0
2014-07-31,3366.00372321979,3415.7476206072747,3353.567748872919,3361.8583984375,370200,0.0,0
2014-08-01,3316.2596444633996,3374.294188241509,3316.2596444633996,3341.131591796875,323300,0.0,0
2014-08-04,3324.5503539277074,3353.5676263435353,3283.097107619382,3320.405029296875,218500,0.0,0
2014-08-05,3316.2600758418043,3349.4226766002225,3258.225524514573,3262.370849609375,256600,0.0,0
2014-08-06,3233.353455296815,3249.9347550675675,3204.336180697997,3220.91748046875,293300,0.0,0
2014-08-07,3229.207699139913,3249.934321085612,3113.138616243998,3183.609130859375,575600,0.0,0
2014-08-08,3117.2844885598925,3138.0111141487214,3034.377986204576,3079.9765625,480500,0.0,0
2014-08-11,3150.4470797343542,3196.0456558884043,3129.720454209786,3179.46435546875,277400,0.0,0
2014-08-12,3183.609742167102,3229.2083192033497,3171.1737666117615,3175.319091796875,198800,0.0,0
2014-08-13,3187.7548828125,3200.190857647919,3162.882933141661,3187.7548828125,255800,0.0,0
2014-08-14,3225.062805411438,3278.952029666385,3208.4815056406856,3220.91748046875,352900,0.0,0
2014-08-15,3220.9172375596036,3299.6784055308162,3208.481263669412,3287.242431640625,295800,0.0,0
2014-08-18,3283.0972909708967,3287.2426158332337,3249.9346920722005,3258.225341796875,163100,0.0,0
2014-08-19,3307.969359741211,3378.4398849487307,3307.969359741211,3316.260009765625,383200,0.0,0
2014-08-20,3357.7132598876956,3374.2945599365235,3291.3880596923827,3316.260009765625,267000,0.0,0
2014-08-21,3345.2770984227864,3424.0382692654543,3345.2770984227864,3411.602294921875,318200,0.0,0
2014-08-22,3436.4741204990105,3490.3633407239645,3403.3115234375,3403.3115234375,359700,0.0,0
2014-08-25,3432.329154349662,3540.107606056294,3419.893179152743,3527.671630859375,491300,0.0,0
2014-08-26,3523.526000976562,3544.2526245117183,3444.7648315429683,3448.91015625,242200,0.0,0
2014-08-27,3444.765436796129,3502.7999928913705,3424.038809619257,3473.78271484375,159700,0.0,0
2014-08-28,3432.3291600392963,3490.3637110544532,3419.8931848217626,3461.346435546875,143100,0.0,0
2014-08-29,3461.34619111526,3490.3634645737116,3428.18359287703,3477.927490234375,165600,0.0,0
2014-09-01,3523.526308686425,3569.1248844458964,3494.509033203125,3494.509033203125,246200,0.0,0
2014-09-02,3531.816710647813,3598.1419070919032,3511.090086759035,3577.415283203125,293800,0.0,0
2014-09-03,3635.450268326519,3643.7409188814254,3527.671811112734,3548.3984375,282300,0.0,0
2014-09-04,3511.0902112672784,3556.688785439581,3482.0729367939953,3486.21826171875,209500,0.0,0
2014-09-05,3544.252808046509,3602.2873569501944,3515.2355335946663,3535.962158203125,283400,0.0,0
2014-09-08,3560.8345315672127,3577.4158332275956,3511.090626586064,3573.2705078125,154600,0.0,0
2014-09-09,3569.1247558593755,3589.851380457862,3552.543456180586,3569.124755859375,174500,0.0,0
2014-09-10,3556.6887785921394,3631.304627094072,3535.962154008269,3618.86865234375,281800,0.0,0
2014-09-11,3660.32159409988,3718.3561380606934,3618.8683484135845,3656.17626953125,409700,0.0,0
2014-09-12,3676.9032612193714,3685.193911188299,3627.159361405806,3647.885986328125,232400,0.0,0
2014-09-16,3643.7404796472156,3647.885804424971,3573.2699584253696,3577.415283203125,229600,0.0,0
2014-09-17,3585.705933331049,3610.5778820015535,3527.6713864332055,3544.252685546875,235500,0.0,0
2014-09-18,3556.6890768808858,3652.0315579627745,3556.6890768808858,3631.304931640625,269400,0.0,0
2014-09-19,3643.7408457008983,3664.4674716718932,3614.7235693415055,3635.4501953125,398800,0.0,0
2014-09-22,3652.031191079225,3652.031191079225,3581.5606686633946,3589.851318359375,210700,0.0,0
2014-09-24,3515.2360416666666,3535.9626692708334,3399.1669270833336,3419.8935546875,648900,0.0,0
2014-09-25,3440.6193841744853,3444.764708733732,3382.5848403450364,3424.0380859375,328000,0.0,0
2014-09-26,3336.986389160156,3361.8583374023433,3303.823791503906,3349.42236328125,509500,0.0,0
2014-09-29,3361.858580047009,3386.730530084348,3332.841305003447,3382.585205078125,284100,0.0,0
2014-09-30,3374.294625572851,3374.294625572851,3270.6614982518176,3278.9521484375,400900,0.0,0
2014-10-01,3307.9694225383255,3366.0039738109276,3291.388122174725,3295.533447265625,326000,0.0,0
2014-10-02,3233.353646345965,3237.498971533588,3146.301817405881,3158.73779296875,511200,0.0,0
2014-10-03,3150.446958306242,3196.0455327027794,3133.8656585256826,3187.7548828125,329300,0.0,0
2014-10-06,3245.789368460295,3266.515992779965,3187.7548203652195,3225.062744140625,312400,0.0,0
2014-10-07,3183.609746042216,3208.481697183171,3138.0111689504656,3142.156494140625,321400,0.0,0
2014-10-08,3104.848446173417,3158.7376715409127,3079.9764960038033,3150.447021484375,342100,0.0,0
2014-10-09,3200.1907359086795,3295.5332060199485,3129.7202145220895,3146.301513671875,484200,0.0,0
2014-10-10,3084.1219453125004,3108.9938964843755,3055.104668945313,3108.993896484375,340200,0.0,0
2014-10-14,2992.9245598743114,3042.668458376377,2992.9245598743114,3009.505859375,575900,0.0,0
2014-10-15,3021.9420108512786,3079.9765625,3013.651360615747,3079.9765625,320800,0.0,0
2014-10-16,2988.7794215062277,3046.8139733801354,2959.7621455692743,2963.907470703125,548800,0.0,0
2014-10-17,2955.616455078125,3013.6509997781163,2955.616455078125,2955.616455078125,485500,0.0,0
2014-10-20,3084.122050177191,3216.7724609375,3067.540748832152,3216.7724609375,582800,0.0,0
2014-10-21,3204.336060370249,3229.2080090923987,3154.59216292595,3162.8828125,512500,0.0,0
2014-10-22,3245.789304533369,3366.00372321979,3241.643979751079,3361.8583984375,711800,0.0,0
2014-10-23,3316.2598898695924,3316.2598898695924,3241.644042347527,3258.225341796875,340600,0.0,0
2014-10-24,3324.5506050139475,3332.841254901763,3200.1908566967177,3204.336181640625,362300,0.0,0
2014-10-27,3229.208008445809,3233.353333232004,3158.737487080496,3196.04541015625,302000,0.0,0
2014-10-28,3200.1910390927815,3216.7723398134694,3167.0284376514055,3208.481689453125,192300,0.0,0
2014-10-29,3254.0801963566237,3316.260072720126,3233.3535709021226,3295.533447265625,294500,0.0,0
2014-10-30,3287.242734680176,3349.422609863281,3266.516109619141,3316.260009765625,282500,0.0,0
2014-10-31,3357.7134222448226,3527.6717559633876,3312.1148449056955,3502.7998046875,678500,0.0,0
2014-11-04,3880.0239257812495,3946.3491210937495,3693.4843139648433,3896.605224609375,1511600,0.0,0
2014-11-05,3838.5703678277982,3863.442314055624,3726.6466098025817,3768.099853515625,662400,0.0,0
2014-11-06,3805.40801831082,3842.7159400589653,3681.0482791503355,3701.77490234375,589900,0.0,0
2014-11-07,3730.792422537076,3730.792422537076,3627.159299688824,3668.612548828125,397200,0.0,0
2014-11-10,3610.5782441473066,3639.5955205066994,3573.2703173995155,3635.4501953125,261800,0.0,0
2014-11-11,3681.0490625,3751.519596354167,3639.595807291667,3730.79296875,329600,0.0,0
2014-11-12,3763.9550193352848,3867.58814211434,3701.7751456678516,3718.3564453125,520400,0.0,0
2014-11-13,3722.502007140779,3792.9725351156044,3722.502007140779,3784.681884765625,258100,0.0,0
2014-11-14,3821.989501953125,3838.570801310839,3739.083005164554,3821.989501953125,245900,0.0,0
2014-11-17,3813.698792929644,3875.878664553497,3710.065673556556,3726.64697265625,311700,0.0,0
2014-11-18,3780.536490397484,3892.4602680737253,3776.3911652983643,3871.733642578125,371500,0.0,0
2014-11-19,3900.7506744451257,3929.7679483251636,3801.2628782849947,3805.408203125,264200,0.0,0
2014-11-20,3871.7331537718414,3904.8957503780243,3838.570557165659,3855.15185546875,511400,0.0,0
2014-11-21,3880.0241709696884,3900.750795814612,3842.716246248826,3863.44287109375,422100,0.0,0
2014-11-25,3896.605349062839,3900.7506739022674,3813.698852274268,3821.989501953125,326900,0.0,0
2014-11-26,3805.408204741825,3817.844179267125,3747.3736569570915,3755.664306640625,270200,0.0,0
2014-11-27,3734.937622206097,3776.390869955332,3718.3563231064027,3726.64697265625,227600,0.0,0
2014-11-28,3743.228332115325,3755.664306640625,3631.3045613876243,3755.664306640625,528800,0.0,0
2014-12-01,3772.2453639532932,3871.7331537718414,3772.2453639532932,3855.15185546875,252300,0.0,0
2014-12-02,3813.6991572509496,3842.7164334474246,3788.8272062254,3817.844482421875,212000,0.0,0
2014-12-03,3842.7161230365523,3996.0931419711287,3842.7161230365523,3921.477294921875,538300,0.0,0
2014-12-04,3979.511657266527,3987.802306552499,3925.6224369077095,3950.494384765625,221900,0.0,0
2014-12-05,3938.058652689256,3987.8025514600677,3888.3147539184442,3983.6572265625,159600,0.0,0
2014-12-08,4012.674754050926,4054.128005642361,3904.896299913194,3917.332275390625,757600,0.0,0
2014-12-09,3867.588075725082,3892.4600247651147,3792.9722286049837,3805.408203125,896400,0.0,0
2014-12-10,3714.211247168743,3730.7925473793175,3618.868770957938,3660.322021484375,739600,0.0,0
2014-12-11,3606.432918953107,3652.031496089296,3573.2703173995155,3635.4501953125,402400,0.0,0
2014-12-12,3614.723267447315,3643.7405413832453,3589.8513183593745,3589.851318359375,644000,0.0,0
2014-12-15,3552.543273925781,3552.543273925781,3457.200805664062,3465.491455078125,353600,0.0,0
2014-12-16,3415.7474967327794,3436.474119892566,3332.8410040936346,3370.14892578125,601400,0.0,0
2014-12-17,3370.149169025398,3444.765017786108,3357.713194231946,3386.73046875,375800,0.0,0
2014-12-18,3490.363275797728,3506.944574020045,3320.4049690189786,3341.131591796875,708000,0.0,0
2014-12-19,3448.910762231503,3498.654667455996,3407.4575078777593,3473.78271484375,568900,0.0,0
2014-12-22,3531.816837672569,3535.9621625994146,3436.474364355117,3453.0556640625,335900,0.0,0
2014-12-24,3486.218139216075,3535.962036565175,3473.7821648788004,3511.090087890625,344400,0.0,0
2014-12-25,3511.0900268554683,3511.0900268554683,3440.619506835937,3465.491455078125,304700,0.0,0
2014-12-26,3469.636779785156,3552.543273925781,3469.636779785156,3531.816650390625,165200,0.0,0
2014-12-29,3564.9792480468745,3573.269897460937,3457.200805664062,3531.816650390625,253800,0.0,0
2014-12-30,3531.816837672569,3535.9621625994146,3432.3290394282712,3453.0556640625,271800,0.0,0
2015-01-05,3457.201168395561,3506.945070099094,3378.4399906983,3490.36376953125,319100,0.0,0
2015-01-06,3403.311645359489,3469.6368418585776,3390.87567101591,3411.602294921875,308000,0.0,0
2015-01-07,3374.294552701191,3440.619752754286,3353.567927684599,3415.747802734375,358900,0.0,0
2015-01-08,3457.2009283226657,3498.654176863705,3424.0383294898343,3440.61962890625,351800,0.0,0
2015-01-09,3486.218140382916,3523.526063407228,3432.328918236688,3444.764892578125,314800,0.0,0
2015-01-13,3366.003902694554,3419.8931277376937,3332.841302668007,3415.747802734375,391900,0.0,0
2015-01-14,3357.712890019192,3399.1661355749843,3336.9862672412955,3341.131591796875,257600,0.0,0
2015-01-15,3332.8415479237224,3386.7307769324393,3332.8415479237224,3366.004150390625,328900,0.0,0
2015-01-16,3307.969239517405,3307.969239517405,3220.917417424842,3274.806640625,359400,0.0,0
2015-01-19,3299.6788434169093,3303.824168597081,3196.0457139126092,3208.481689453125,404800,0.0,0
2015-01-20,3196.0458739326787,3366.004214829228,3196.0458739326787,3345.277587890625,556800,0.0,0
2015-01-21,3345.277543757512,3345.277543757512,3212.6271331004605,3233.353759765625,511000,0.0,0
2015-01-22,3225.062683341734,3241.643982484879,3175.3187859122986,3212.626708984375,307600,0.0,0
2015-01-23,3249.9348712657234,3324.5507229019263,3241.644221083923,3295.533447265625,387200,0.0,0
2015-01-26,3249.9345703124995,3366.0036621093745,3229.2079467773433,3349.42236328125,288700,0.0,0
2015-01-27,3357.7131960271163,3390.875795494051,3324.550596560182,3353.56787109375,237300,0.0,0
2015-01-28,3303.824095915793,3349.4226718945556,3283.097470470901,3312.11474609375,314800,0.0,0
2015-01-29,3299.6787754625957,3320.405400936607,3249.9348743249684,3262.370849609375,273800,0.0,0
2015-01-30,3436.4743764879763,3453.0556762539013,3204.336179765025,3237.498779296875,990300,0.0,0
2015-02-02,3295.533379947438,3407.457155115464,3278.952079922545,3382.585205078125,610000,0.0,0
2015-02-03,3440.6193841744853,3548.397822714891,3403.311463141268,3424.0380859375,836600,0.0,0
2015-02-04,3527.6713858700573,3631.3045053139485,3506.944761981279,3577.415283203125,639200,0.0,0
2015-02-05,3544.2523840275776,3631.304196968606,3531.816410750288,3598.1416015625,565000,0.0,0
2015-02-06,3635.45001360692,3647.885988567947,3564.9794888277665,3614.723388671875,286300,0.0,0
2015-02-09,3647.885862346197,3743.228333748427,3643.7405375026215,3705.92041015625,595800,0.0,0
2015-02-10,3681.0482169430275,3693.484190648916,3627.1589975508437,3656.17626953125,298700,0.0,0
2015-02-12,3813.6990400186055,3838.5709902795966,3747.37383932263,3759.809814453125,545400,0.0,0
2015-02-13,3780.536072110142,3826.13464315533,3755.664124267312,3801.2626953125,254200,0.0,0
2015-02-16,3834.42541464571,3896.605286234559,3826.13476510053,3859.29736328125,297100,0.0,0
2015-02-17,3838.5706170767453,3909.0411359647633,3784.6813967506137,3801.2626953125,386100,0.0,0
2015-02-18,3851.0068961867955,3875.8788460007036,3792.9723466210094,3863.44287109375,337900,0.0,0
2015-02-19,3846.86192940552,3929.768436504777,3842.716604050557,3904.896484375,394700,0.0,0
2015-02-20,3913.1867696647973,3933.9133945041235,3842.716245211088,3880.024169921875,255200,0.0,0
2015-02-23,3888.3146372223728,3913.186585861322,3751.518919708153,3826.134765625,416700,0.0,0
2015-02-24,3851.0067137360697,3859.2973632812495,3817.84411555535,3859.29736328125,219900,0.0,0
2015-02-25,3846.861205791037,3875.878477817478,3821.989258339802,3838.570556640625,147200,0.0,0
2015-02-26,3797.1175534449894,3826.1348273250273,3763.9549547249458,3805.408203125,264300,0.0,0
2015-02-27,3809.5534665323676,3838.5707399444746,3788.826842666577,3826.134765625,282400,0.0,0
2015-03-02,3842.716572374738,3867.5885242994937,3705.9208367885826,3710.066162109375,510400,0.0,0
2015-03-03,3722.5012827544047,3763.9545264376384,3718.355958386081,3734.937255859375,354500,0.0,0
2015-03-04,3705.920470579014,3743.2283947794735,3672.757871289716,3718.3564453125,315600,0.0,0
2015-03-05,3689.339236172763,3714.2111860795453,3635.4500113747335,3647.885986328125,283700,0.0,0
2015-03-06,3685.1943240676796,3759.8101821477903,3676.9036731698898,3751.51953125,317200,0.0,0
2015-03-09,3730.7921739766603,3743.228147889916,3643.7403565838717,3652.031005859375,350100,0.0,0
2015-03-10,3689.3391733977755,3693.4844983117055,3631.3046246027543,3668.612548828125,804100,0.0,0
2015-03-11,3647.885863431151,3693.4844367240403,3606.43261498307,3672.7578125,302900,0.0,0
2015-03-12,3710.066167063751,3718.356817716407,3664.4675884741405,3676.903564453125,246800,0.0,0
2015-03-13,3710.0657318048748,3851.00677636506,3697.6297572848584,3805.408203125,525500,0.0,0
2015-03-16,3813.698911800323,3880.0241102664154,3801.2629370879304,3851.0068359375,385400,0.0,0
2015-03-17,3855.152039304781,3871.7333383985647,3788.826842929645,3809.553466796875,253700,0.0,0
2015-03-18,3813.698971465933,3867.5881960627344,3780.5363717140553,3863.44287109375,286200,0.0,0
2015-03-19,3826.1348273250273,3846.8614515250547,3797.1175534449894,3805.408203125,189900,0.0,0
2015-03-20,3813.6989725047147,3851.006897235739,3780.5363727438043,3846.861572265625,218600,0.0,0
2015-03-23,3875.878721217105,4000.2384662828945,3871.7333963815786,3938.05859375,434200,0.0,0
2015-03-24,3979.5120935501063,3979.5120935501063,3859.297665724114,3888.31494140625,275700,0.0,0
2015-03-25,3888.3151829551484,3913.1871350849256,3851.007254760483,3904.896484375,254900,0.0,0
2015-03-26,3871.733709643899,3880.024359985749,3801.263181738175,3817.844482421875,282000,0.0,0
2015-03-27,3805.1325309014555,3978.8635261876025,3805.1325309014555,3894.11669921875,314600,100.0,0
2015-03-30,3864.455036569149,3877.167059715758,3737.3348051030584,3783.945556640625,480500,0.0,0
2015-03-31,3822.0818357190296,3847.505883406739,3766.996399062325,3788.18310546875,298100,0.0,0
2015-04-01,3750.0470581054688,3771.2337646484375,3652.588208007812,3728.8603515625,443200,0.0,0
2015-04-02,3699.198604296422,3703.4359451948144,3567.841036446263,3656.8251953125,736400,0.0,0
2015-04-03,3644.1133687033584,3694.9614622201493,3618.6893219449626,3690.72412109375,260700,0.0,0
2015-04-06,3656.8250231947773,3678.011726689532,3635.638319700022,3648.350341796875,190500,0.0,0
2015-04-07,3669.5375245265695,3716.148278302311,3652.588159517209,3678.01220703125,348900,0.0,0
2015-04-08,3720.385537512194,3834.7937488024318,3716.148196353296,3800.89501953125,498600,0.0,0
2015-04-09,3847.5057075346117,3995.812645600373,3830.556343184239,3978.86328125,672300,0.0,0
2015-04-10,3983.1007687165775,4063.610252339572,3949.202038770053,3961.9140625,544100,0.0,0
2015-04-13,3915.3033569730983,3983.1008176999053,3839.0312136554408,3928.015380859375,289900,0.0,0
2015-04-14,3923.7780395639493,3983.1008176999053,3911.066015677673,3928.015380859375,255200,0.0,0
2015-04-15,3911.0658926761007,3932.2525984869135,3864.4551398923118,3885.641845703125,212700,0.0,0
2015-04-16,3885.641137432796,3970.3879452284946,3868.691775873656,3940.7265625,301400,0.0,0
2015-04-17,3966.1511040296054,4063.609945261102,3953.4390812602796,4025.473876953125,605700,0.0,0
2015-04-20,3944.9648908694,4046.6610856931006,3936.490207967425,3995.81298828125,369300,0.0,0
2015-04-21,4059.373276594884,4089.0346679687505,4012.762518721665,4089.03466796875,353800,0.0,0
2015-04-22,3983.1010996552604,4211.917545805669,3902.5916093430797,4148.357421875,866600,0.0,0
2015-04-23,4089.0343627929688,4105.983728027343,3953.4394409179686,3983.100830078125,721900,0.0,0
2015-04-24,3995.812519447154,4033.9485880314855,3923.7777232323065,3936.48974609375,657900,0.0,0
2015-04-27,3923.7779913101604,3974.6260862299464,3906.828626336898,3961.9140625,395900,0.0,0
2015-04-28,3995.812829354591,4016.999535766863,3932.2527101177734,3957.6767578125,263300,0.0,0
2015-04-30,3864.4548428867406,3919.5402737612226,3830.5561161947517,3834.79345703125,353400,0.0,0
2015-05-01,3766.9964233398437,3783.9457885742186,3699.1989624023436,3728.8603515625,557100,0.0,0
2015-05-07,3754.2843752184704,3834.7938595628843,3733.0976688120454,3788.18310546875,366900,0.0,0
2015-05-08,3796.6575168918916,3800.894857870566,3711.910697318412,3762.7587890625,486400,0.0,0
2015-05-11,3834.793649227061,3881.4044007646276,3775.4708745428857,3783.945556640625,206100,0.0,0
2015-05-12,3788.1833636467727,3817.8447546372954,3733.0979232358018,3758.52197265625,457900,0.0,0
2015-05-13,3750.046649074767,3830.5561251565982,3711.9105814570576,3805.132080078125,266600,0.0,0
2015-05-14,3839.0305679898647,3944.9640825591214,3834.7932274070945,3919.5400390625,529100,0.0,0
2015-05-15,3949.2021241816283,3983.100854861299,3855.980614812534,3923.778076171875,346400,0.0,0
2015-05-18,3966.1509701689542,4016.9990595300947,3936.489584708289,4012.76171875,387100,0.0,0
2015-05-19,4016.999475187698,4033.9488400619075,3974.6260630021734,4021.23681640625,221700,0.0,0
2015-05-20,4021.2368399064167,4021.2368399064167,3902.5912850935824,3961.9140625,436700,0.0,0
2015-05-21,3957.6767212566842,4008.5248161764703,3923.7779913101604,3961.9140625,257900,0.0,0
2015-05-22,3970.3887449866306,3978.8634274732617,3923.7779913101604,3961.9140625,202600,0.0,0
2015-05-25,3991.575536502815,4131.407800520429,3970.388829833479,4093.271728515625,623000,0.0,0
2015-05-26,4067.846865110759,4089.033567533211,4016.998779296875,4016.998779296875,294900,0.0,0
2015-05-27,3991.5754394531245,4000.0501219148086,3944.964685913863,3991.575439453125,360400,0.0,0
2015-05-28,4016.9994868381764,4029.711510530702,3970.3887332989148,3991.575439453125,444400,0.0,0
2015-05-29,3991.5752731323246,4067.8474121093755,3974.625908915202,4067.847412109375,515400,0.0,0
2015-06-01,4059.373022768678,4059.373022768678,3970.388854211118,4033.948974609375,557000,0.0,0
2015-06-02,4059.372899146596,4059.372899146596,3970.3887332989148,3991.575439453125,533900,0.0,0
2015-06-03,4012.7616310317694,4080.55908203125,3987.337586906964,4080.55908203125,528900,0.0,0
2015-06-04,4089.0339442219224,4194.967466092957,4084.7966033470807,4173.78076171875,563000,0.0,0
2015-06-05,4152.594347732216,4194.967759443769,4118.695618362974,4139.88232421875,320500,0.0,0
2015-06-08,4161.0691528938705,4199.205224559903,4114.458398635385,4182.255859375,584900,0.0,0
2015-06-09,4127.170197525905,4144.119561786792,4025.474011960585,4038.18603515625,528000,0.0,0
2015-06-10,4076.3221154243197,4110.220844034917,3995.8126349741515,4008.524658203125,448500,0.0,0
2015-06-11,4042.423670014881,4042.423670014881,3961.914183924438,4004.28759765625,439200,0.0,0
2015-06-12,4004.286764309079,4025.473466765741,3978.862721361085,3987.33740234375,317000,0.0,0
2015-06-15,3966.1506934829904,4029.7108007503457,3953.4386720295192,4016.998779296875,176300,0.0,0
2015-06-16,4050.898228609625,4093.2716410427806,3957.6767212566842,3961.9140625,270200,0.0,0
2015-06-17,3983.1008055072275,4000.0501706370455,3932.2527101177734,3957.6767578125,319600,0.0,0
2015-06-18,3983.1003332893347,4059.3724673310453,3970.3883109490494,4012.76171875,396300,0.0,0
2015-06-19,4000.0499866879663,4033.9487153887117,3974.625940162407,3978.86328125,236900,0.0,0
2015-06-22,3970.388854211118,4046.660998689026,3970.388854211118,4033.948974609375,206600,0.0,0
2015-06-23,4055.135271021263,4135.64474871134,4042.423248228093,4110.220703125,347000,0.0,0
2015-06-24,4131.407532983897,4186.492966757016,4122.932850864956,4152.59423828125,255500,0.0,0
2015-06-25,4101.745805584016,4186.492619748976,4097.508464875768,4135.64453125,253300,0.0,0
2015-06-26,4152.594093384781,4186.492820677719,4122.9327070034615,4169.54345703125,159400,0.0,0
2015-06-29,4050.898352761243,4080.5597423735117,4004.28759765625,4004.28759765625,295500,0.0,0
2015-06-30,4038.1861361110223,4144.119665389905,4000.050065570624,4139.88232421875,443700,0.0,0
2015-07-01,4144.1195943624525,4466.157517850741,4118.695547771272,4432.2587890625,675400,0.0,0
2015-07-02,4508.530402554702,4635.650620671846,4500.055721346893,4550.90380859375,569100,0.0,0
2015-07-03,4491.582412436106,4584.803934203648,4474.633044842008,4559.3798828125,373400,0.0,0
2015-07-06,4474.632470888783,4533.9552498589,4398.360326498633,4457.68310546875,358600,0.0,0
2015-07-07,4533.954880421668,4559.378926480108,4440.733378207391,4500.05615234375,279600,0.0,0
2015-07-08,4440.733866652397,4491.581964362157,4322.088305329623,4330.56298828125,386300,0.0,0
2015-07-09,4194.968061055222,4364.4617200877565,4152.594646297089,4330.56298828125,551300,0.0,0
2015-07-10,4347.512182617187,4347.512182617187,4178.018530273437,4237.34130859375,532700,0.0,0
2015-07-13,4288.18928435983,4372.936108161408,4262.765237219357,4364.46142578125,196300,0.0,0
2015-07-14,4491.581564441922,4491.581564441922,4398.360060274259,4432.2587890625,266900,0.0,0
2015-07-15,4500.055989583334,4610.226851851852,4491.58130787037,4576.328125,472600,0.0,0
2015-07-16,4618.701533564815,4627.176215277778,4559.378761574075,4576.328125,251200,0.0,0
2015-07-17,4635.6514405191165,4711.923584878663,4610.227392399268,4627.1767578125,360600,0.0,0
2015-07-21,4661.075174273451,4737.347313488835,4635.651127868324,4720.39794921875,203400,0.0,0
2015-07-22,4745.822097429701,4847.518285231766,4711.9233681623455,4822.09423828125,458200,0.0,0
2015-07-23,4830.569262396016,4864.4679940619535,4796.670530730079,4839.0439453125,339500,0.0,0
2015-07-24,4847.517833172251,4932.2646484375,4822.093788592677,4932.2646484375,442400,0.0,0
2015-07-27,5017.011574074075,5025.486255787037,4678.024305555556,4805.14453125,735100,0.0,0
2015-07-28,4635.6514405191165,4678.024854052198,4517.0058826264885,4627.1767578125,676400,0.0,0
2015-07-29,4669.549877485796,4703.448606178978,4627.1764666193185,4661.0751953125,412500,0.0,0
2015-07-30,4872.942624866453,4983.113501602564,4830.56921073718,4957.689453125,793100,0.0,0
2015-07-31,5000.0627204103175,5203.455102257517,5000.0627204103175,5144.13232421875,700500,0.0,0
2015-08-03,5127.182836184074,5144.13220093179,5025.486647697779,5101.7587890625,266400,0.0,0
2015-08-04,5076.334453318379,5203.4546816986385,5059.385089534344,5135.6572265625,310100,0.0,0
2015-08-05,5161.081109470275,5245.827925717734,5161.081109470275,5211.92919921875,266400,0.0,0
2015-08-06,5228.879421746926,5228.879421746926,5161.081957607582,5169.556640625,184000,0.0,0
2015-08-07,5110.233233283548,5194.980053072662,5025.486413494434,5186.50537109375,247000,0.0,0
2015-08-10,5169.555791095021,5211.92919921875,5110.233019721799,5211.92919921875,236000,0.0,0
2015-08-11,5245.828270613857,5330.575092433144,5186.505495340356,5228.87890625,289400,0.0,0
2015-08-12,5169.555844907408,5296.676070601852,5152.606481481482,5262.77734375,363400,0.0,0
2015-08-13,5262.777464137874,5542.441967063074,5262.777464137874,5533.96728515625,651600,0.0,0
2015-08-14,5449.220696071178,5449.220696071178,5178.030863607293,5279.72705078125,607800,0.0,0
2015-08-17,5254.30260734248,5355.998786839431,5186.505154344512,5211.92919921875,235200,0.0,0
2015-08-18,5178.030792236328,5305.151024451623,5101.758652907151,5288.20166015625,242200,0.0,0
2015-08-19,5288.201903501629,5347.5246812652695,5194.980395587338,5203.455078125,223300,0.0,0
2015-08-20,5118.707809244792,5194.97994547526,4839.043309733073,5084.80908203125,308000,0.0,0
2015-08-21,4830.568649238074,5000.062286053445,4771.245876352694,4796.669921875,657400,0.0,0
2015-08-24,4644.126125089116,4745.822317609315,4457.68310546875,4457.68310546875,565800,0.0,0
2015-08-25,4389.885496124508,4627.17660402313,4288.189307025098,4305.138671875,691400,0.0,0
2015-08-26,4372.93576388889,4601.75217013889,4313.612991898149,4576.328125,530400,0.0,0
2015-08-27,4610.226944313909,4703.44844502614,4508.53076171875,4508.53076171875,444100,0.0,0
2015-08-28,4678.024305555556,4678.024305555556,4567.853443287037,4576.328125,472900,0.0,0
2015-08-31,4525.480763561321,4525.480763561321,4432.259249705188,4491.58203125,297900,0.0,0
2015-09-01,4466.157357093131,4483.1067208771665,4279.71435546875,4279.71435546875,339900,0.0,0
2015-09-02,4203.442455808081,4313.613326625631,4139.882338028724,4194.9677734375,382200,0.0,0
2015-09-03,4237.34114846115,4271.239877648839,4169.543690085771,4199.205078125,243300,0.0,0
2015-09-04,4216.154263617454,4216.154263617454,3991.5751922890868,4105.9833984375,417700,0.0,0
2015-09-07,4046.6607828276774,4190.73038137861,4000.0500303553167,4144.11962890625,413100,0.0,0
2015-09-08,4101.746524555939,4156.8319634187765,3991.5756468302625,3995.81298828125,241000,0.0,0
2015-09-09,4144.1200774436775,4372.9365234375,4131.408052666243,4372.9365234375,430700,0.0,0
2015-09-10,4203.442250844594,4415.309299778294,4203.442250844594,4389.88525390625,411900,0.0,0
2015-09-11,4237.340978673987,4423.783981735642,4237.340978673987,4389.88525390625,296700,0.0,0
2015-09-14,4389.8854217829075,4415.309468627211,4279.714552124264,4313.61328125,150700,0.0,0
2015-09-15,4355.986289140469,4415.309059615145,4245.8154296875,4245.8154296875,198700,0.0,0
2015-09-16,4288.189020185557,4305.138383901705,4199.204860675777,4224.62890625,160300,0.0,0
2015-09-17,4245.815467686041,4355.986328125,4224.628763755472,4355.986328125,223600,0.0,0
2015-09-18,4245.815500947456,4271.239545863309,4110.220594729573,4122.9326171875,435500,0.0,0
2015-09-24,4038.185919085119,4097.508692293085,3957.6764411600225,3966.151123046875,479400,0.0,0
2015-09-25,3928.015309598097,4038.18618128046,3906.8286035053347,4021.23681640625,515700,0.0,0
2015-09-28,4000.049340386625,4105.982850460424,3932.251893939394,4055.134765625,296200,0.0,0
2015-09-29,3949.2023758709297,3995.8131335260587,3771.2340284604375,3839.031494140625,703200,0.0,0
2015-09-30,3915.303369140625,4063.610314941406,3855.9805908203125,3983.100830078125,393400,0.0,0
2015-10-01,4016.9992026417526,4156.831453366624,4000.049838917526,4110.220703125,221300,0.0,0
2015-10-02,4114.458459422422,4161.069214369534,4033.948973604681,4118.69580078125,175200,0.0,0
2015-10-05,4190.73052940917,4216.154577110337,4101.746362455082,4127.17041015625,189300,0.0,0
2015-10-06,4224.628888882273,4262.764957086827,4156.831434296399,4169.54345703125,193700,0.0,0
2015-10-07,4220.392226108285,4389.885889807413,4207.680201330851,4372.9365234375,310200,0.0,0
2015-10-08,4330.562696260619,4457.682931962985,4288.18928435983,4364.46142578125,334900,0.0,0
2015-10-09,4398.359718952435,4432.258445110065,4355.9863112553985,4415.30908203125,305900,0.0,0
2015-10-13,4415.309226916245,4491.581363273724,4372.935817828757,4398.35986328125,263000,0.0,0
2015-10-14,4355.987139662027,4355.987139662027,4237.3415755467195,4262.765625,252700,0.0,0
2015-10-15,4216.154082183244,4372.935691269456,4203.442059824903,4355.986328125,281700,0.0,0
2015-10-16,4364.461100582077,4381.410464079484,4237.340874351531,4288.18896484375,441700,0.0,0
2015-10-19,4025.474011960585,4199.204995634674,3957.676554917038,4038.18603515625,725900,0.0,0
2015-10-20,3974.6256954795435,3987.337717959755,3834.7934481972143,3864.454833984375,646100,0.0,0
2015-10-21,3826.318853567023,4055.135263414885,3813.6068307976975,4025.473876953125,740300,0.0,0
2015-10-22,3919.5402638925675,3923.777604718397,3737.334608381886,3750.046630859375,721300,0.0,0
2015-10-23,3826.3194693255896,3877.1675685857304,3771.2340284604375,3839.031494140625,772000,0.0,0
2015-10-26,3957.6764411600225,4046.6606009719717,3940.727077386318,3966.151123046875,534600,0.0,0
2015-10-27,3983.1006924328653,4012.7620805680035,3885.641845703125,3885.641845703125,435700,0.0,0
2015-10-28,3864.4551288555194,3940.7272695566153,3834.7937408050934,3915.30322265625,316600,0.0,0
2015-10-29,3974.6252856182796,4050.8974126344087,3898.3531586021504,3940.7265625,885300,0.0,0
2015-10-30,3940.726770714454,3978.8628362374966,3898.353364577739,3944.964111328125,380800,0.0,0
2015-11-02,3902.5911112489734,3911.0657933580915,3847.5056775397043,3868.6923828125,232700,0.0,0
2015-11-04,3915.3031344126507,3991.575273394715,3860.217700703382,3868.6923828125,391900,0.0,0
2015-11-05,3855.979749095351,3987.3373009876104,3855.979749095351,3970.387939453125,381000,0.0,0
2015-11-06,3970.388793813629,3970.388793813629,3898.3539917913968,3928.015380859375,228900,0.0,0
2015-11-09,3953.4389478286694,4063.6098081111404,3944.964266268479,4012.76171875,381100,0.0,0
2015-11-10,3953.439405363879,4089.0343260194463,3923.7780164704736,4072.0849609375,362400,0.0,0
2015-11-11,4067.847792948038,4101.746524555939,3987.338305379275,3995.81298828125,300900,0.0,0
2015-11-12,3974.6261351090543,3991.5755002907563,3911.066015677673,3928.015380859375,209000,0.0,0
2015-11-13,3915.302727032425,3957.6761331691396,3864.4546396683672,3944.964111328125,315800,0.0,0
2015-11-16,3855.980530118682,3915.3033075051235,3851.7431888767933,3877.167236328125,193900,0.0,0
2015-11-17,3949.20124327957,3987.3373067876346,3936.489222110215,3940.7265625,228600,0.0,0
2015-11-18,3966.1514895214636,4000.0502202011344,3906.82871083204,3923.778076171875,195100,0.0,0
2015-11-19,3923.777633101852,3949.201678240741,3860.21752025463,3889.87890625,459000,0.0,0
2015-11-20,3894.115818212366,3953.438583669355,3881.403797043011,3940.7265625,465600,0.0,0
2015-11-24,3923.7781115658067,4012.7622804026123,3911.0660874462633,4004.28759765625,401400,0.0,0
2015-11-25,4025.4742069621493,4127.170397453824,4012.76218315069,4072.0849609375,400500,0.0,0
2015-11-26,4072.0849734703866,4182.255846842114,4072.0849734703866,4127.17041015625,385500,0.0,0
2015-11-27,4182.255641049849,4245.815757175226,4161.068935674723,4207.6796875,445100,0.0,0
2015-11-30,4182.255699110909,4186.493040244759,4114.458240969293,4144.11962890625,288100,0.0,0
2015-12-01,4152.594253524672,4233.103733950151,4114.458183849446,4207.6796875,312400,0.0,0
2015-12-02,4220.391422969358,4398.359735986139,4207.679400611017,4355.986328125,489600,0.0,0
2015-12-03,4355.987157067588,4406.835256177325,4296.664374772892,4372.9365234375,276400,0.0,0
2015-12-04,4305.139040755467,4347.5124565109345,4254.290941848906,4262.765625,379600,0.0,0
2015-12-07,4372.936108161408,4415.3095200621965,4330.562696260619,4364.46142578125,248000,0.0,0
2015-12-08,4355.986566452753,4355.986566452753,4254.29038202195,4271.23974609375,208400,0.0,0
2015-12-09,4203.442602687627,4237.341333354462,4165.306530687437,4178.0185546875,403000,0.0,0
2015-12-10,4131.40786168013,4156.8319100597,4101.746471903964,4114.45849609375,173700,0.0,0
2015-12-11,4067.8477044753085,4148.357190293049,4055.1356803988233,4118.69580078125,224900,0.0,0
2015-12-14,4000.0497776186035,4029.7111636814534,3940.727005492904,3974.625732421875,287300,0.0,0
2015-12-15,3961.914160793832,3966.1515021422747,3889.8793578703076,3894.11669921875,190700,0.0,0
2015-12-16,4012.762518721665,4114.458717717779,4000.0504938471504,4089.03466796875,399300,0.0,0
2015-12-17,4135.644567307692,4148.356589543269,4105.983182091346,4131.4072265625,259400,0.0,0
2015-12-18,4067.8474014945655,4110.220811926801,3898.353759765625,3898.353759765625,712800,0.0,0
2015-12-21,3839.0309954305862,3885.641747030737,3805.132266994113,3868.6923828125,395800,0.0,0
2015-12-22,3889.878915361725,3944.9643466250172,3847.505506697654,3860.217529296875,220400,0.0,0
2015-12-24,3911.065782895296,3991.575262716542,3898.353759765625,3898.353759765625,276700,0.0,0
2015-12-25,3898.353759765625,3898.353759765625,3898.353759765625,3898.353759765625,0,0.0,0
2015-12-28,3940.7272726802503,4021.236754595223,3919.540566913152,4000.050048828125,200000,0.0,0
2015-12-29,3957.6768425512564,4012.7622804026123,3906.828746073082,4004.28759765625,146200,0.0,0
2015-12-30,4025.4742918896072,4076.322388208213,4012.762267809956,4033.948974609375,173600,0.0,0
2016-01-04,3983.1008055072275,4050.898266026499,3936.490051400228,3957.6767578125,179500,0.0,0
2016-01-05,3902.5911008088488,3983.1005806300955,3868.6923724630606,3898.353759765625,240000,0.0,0
2016-01-06,3889.878676692996,3915.3027203315123,3809.3692051710277,3830.555908203125,223400,0.0,0
2016-01-07,3762.7588784661093,3779.7082427835244,3580.553212053899,3610.214599609375,605500,0.0,0
2016-01-08,3550.891756844204,3589.027825831791,3487.3316418648924,3504.281005859375,653300,0.0,0
2016-01-12,3504.281122875333,3504.281122875333,3377.1608886718745,3377.160888671875,644200,0.0,0
2016-01-13,3389.872694193649,3478.8568524162324,3322.075240309776,3402.584716796875,871800,0.0,0
2016-01-14,3313.6008049089887,3343.262193188225,3216.141957705783,3288.1767578125,541400,0.0,0
2016-01-15,3330.5499785695224,3355.9740242074577,3207.6670913195017,3224.616455078125,407000,0.0,0
2016-01-18,3063.5975732021643,3139.8697119540857,3046.648209035071,3101.733642578125,694200,0.0,0
2016-01-19,3135.6322692466883,3220.379087334437,3118.682905629139,3199.1923828125,467600,0.0,0
2016-01-20,3199.192318316152,3199.192318316152,3050.8853896524893,3063.597412109375,415800,0.0,0
2016-01-21,3059.360248030086,3165.2937746239254,2944.952039308739,2957.6640625,567100,0.0,0
2016-01-22,3076.309066343499,3178.005233825929,3033.93566322582,3165.293212890625,400300,0.0,0
2016-01-25,3139.8697172124334,3220.3791971409573,3110.2083298703456,3186.48046875,535600,0.0,0
2016-01-26,3148.3441828402874,3165.2935458703832,3080.5467307199046,3097.49609375,466400,0.0,0
2016-01-27,3228.8535875822367,3254.277631578947,3194.9548622532893,3220.37890625,387200,0.0,0
2016-01-28,3194.9550148896446,3237.3284235751835,3144.1069244669975,3173.768310546875,343200,0.0,0
2016-01-29,3055.1225455771496,3262.752233140645,3012.7491399519463,3258.514892578125,864600,0.0,0
2016-02-01,3283.9390411376953,3402.5845806884768,3279.701700439453,3389.87255859375,565700,0.0,0
2016-02-02,3305.1259231567383,3368.6860370635986,3245.803150177002,3254.27783203125,411100,0.0,0
2016-02-03,3135.632376163564,3156.819081407912,2978.8507573553857,2987.325439453125,655700,0.0,0
2016-02-04,2944.9518492490624,2949.189190039349,2809.356943959897,2894.103759765625,662300,0.0,0
2016-02-05,2894.1037404530084,2915.2904442630597,2800.882243688783,2839.018310546875,293600,0.0,0
2016-02-08,2771.221000052787,2860.205160604941,2741.559613202069,2822.069091796875,410700,0.0,0
2016-02-09,2703.4235134902633,2707.6608544204987,2559.3539218622554,2597.489990234375,556800,0.0,0
2016-02-10,2555.116816595648,2597.4902298061893,2437.3187278703426,2490.709228515625,686300,0.0,0
2016-02-12,2329.6902888197183,2400.8776239455296,2278.842192301281,2283.927001953125,756700,0.0,0
2016-02-15,2538.167397274333,2707.661046508011,2511.8958816431127,2661.05029296875,962100,0.0,0
2016-02-16,2652.575623415562,2809.3572497196765,2627.1515759067865,2716.1357421875,495400,0.0,0
2016-02-17,2682.236852718305,2779.6956957080693,2639.863442722755,2677.99951171875,360400,0.0,0
2016-02-18,2783.9330795920937,2809.357125981063,2733.084986814156,2758.509033203125,283300,0.0,0
2016-02-19,2728.8478151535346,2745.7971804650474,2673.762377891119,2682.237060546875,631000,0.0,0
2016-02-22,2639.86357537217,2711.8983759842517,2593.252822034941,2690.711669921875,286100,0.0,0
2016-02-23,2686.4742249833776,2690.7115660322474,2550.879311419548,2589.015380859375,672700,0.0,0
2016-02-24,2563.591334566157,2669.524860787899,2563.591334566157,2589.015380859375,304400,0.0,0
2016-02-25,2597.4900782658506,2665.287535447341,2597.4900782658506,2644.100830078125,234100,0.0,0
2016-02-26,2699.186125578704,2733.0848524305557,2622.9139901620374,2631.388671875,233100,0.0,0
2016-02-29,2690.7114069408162,2766.983541310792,2593.25256857918,2635.6259765625,369000,0.0,0
2016-03-01,2605.964708515242,2627.1514134625204,2527.9976343092576,2593.252685546875,517800,0.0,0
2016-03-02,2682.236735406323,2762.746210876655,2682.236735406323,2720.372802734375,360100,0.0,0
2016-03-03,2724.610223573627,2822.069065163352,2724.610223573627,2796.64501953125,342500,0.0,0
2016-03-04,2839.0183294919016,2983.08791636164,2839.0183294919016,2894.103759765625,525000,0.0,0
2016-03-07,2978.8505416419434,3025.4612898041933,2957.66383793183,3012.749267578125,536000,0.0,0
2016-03-08,2978.8506776234985,3021.2240869780294,2868.679813301719,2911.05322265625,467900,0.0,0
2016-03-09,2851.730405521964,2855.9677463919816,2750.034224641537,2830.543701171875,342900,0.0,0
2016-03-10,2860.205096592521,2881.3918010117245,2766.983597148024,2800.88232421875,415100,0.0,0
2016-03-11,2775.458312721752,2936.477268268968,2775.458312721752,2911.05322265625,522400,0.0,0
2016-03-14,3029.6986498753668,3101.7334429493267,2974.6132198776327,3067.834716796875,609100,0.0,0
2016-03-15,3038.1733484402507,3097.4961195395026,2983.0879181338028,3008.511962890625,367700,0.0,0
2016-03-16,2978.850767818768,3055.1229069663323,2949.189380372493,2957.6640625,324000,0.0,0
2016-03-17,3004.274760699481,3029.6988066292365,2894.103895003872,2906.81591796875,351900,0.0,0
2016-03-18,2906.8161988195716,2944.9522713988367,2839.0187364564326,2902.578857421875,250100,0.0,0
2016-03-22,2983.0877828854314,3042.4105512950846,2932.2396956771568,2995.7998046875,267700,0.0,0
2016-03-23,3008.5121081300904,3038.1734951116546,2974.6133801511596,2991.562744140625,271800,0.0,0
2016-03-24,2966.1390398550725,2974.6137228260873,2902.578917572464,2923.765625,226100,0.0,0
2016-03-25,2961.9010798819836,3008.5118264895686,2923.7650144757777,2995.7998046875,143300,0.0,0
2016-03-28,3042.410652772284,3042.410652772284,2961.901178673853,3012.749267578125,172200,0.0,0
2016-03-29,3073.788949661896,3130.468745896796,3047.6290437073267,3113.02880859375,294700,100.0,0
2016-03-30,3060.7093458299514,3082.509269945549,2995.3095734831572,3021.469482421875,361700,0.0,0
2016-03-31,3021.469359645954,3121.74900650289,3017.109375,3017.109375,312900,0.0,0
2016-04-01,3017.1093544098267,3030.1893082584243,2877.589846691453,2895.02978515625,326800,0.0,0
2016-04-04,2873.229738174877,2947.349473454047,2855.789800462131,2881.94970703125,290300,0.0,0
2016-04-05,2868.869860877872,2899.3897530148706,2781.6701690578757,2799.110107421875,310600,0.0,0
2016-04-06,2777.3104244208184,2829.6302440331415,2742.4305446792696,2772.950439453125,309900,0.0,0
2016-04-07,2716.2702714100883,2790.390005942948,2637.790552492943,2751.150146484375,438600,0.0,0
2016-04-08,2659.5908317565923,2842.7102005004886,2637.7909069061284,2790.390380859375,335400,0.0,0
2016-04-11,2812.1903079951144,2842.710202810565,2751.1505183642125,2816.55029296875,258300,0.0,0
2016-04-12,2812.190433713807,2925.550048096069,2803.47046337671,2908.110107421875,253300,0.0,0
2016-04-13,2942.989516085723,3025.8292209829506,2938.629531617448,3012.749267578125,327400,0.0,0
2016-04-14,3086.869026216004,3143.54882471997,3078.149057215394,3126.10888671875,304200,0.0,0
2016-04-15,3065.0692117745534,3104.309073660714,3038.9093038504466,3051.9892578125,178200,0.0,0
2016-04-18,2934.270018433166,2964.789914613006,2868.8702409049383,2908.110107421875,259600,0.0,0
2016-04-19,3030.1894552206277,3056.349364186561,2986.589606944072,3047.62939453125,202000,0.0,0
2016-04-20,3108.6693055602323,3139.189200565733,3025.8295905453033,3034.549560546875,296300,0.0,0
2016-04-21,3121.7491510488308,3169.708984375,3091.229257113996,3169.708984375,210300,0.0,0
2016-04-22,3108.669082641602,3217.668699845024,3078.1491898246436,3208.94873046875,279300,0.0,0
2016-04-25,3065.069455552375,3134.829215564947,2999.669680540589,3034.549560546875,633900,0.0,0
2016-04-26,2973.5096237442044,2973.5096237442044,2799.1102323222567,2820.91015625,720900,0.0,0
2016-04-27,2881.94994894228,2903.7498729130994,2799.1102378531677,2864.510009765625,530400,0.0,0
2016-04-28,2925.549644151301,2990.9494126494674,2707.5504158240806,2711.910400390625,629800,0.0,0
2016-05-02,2650.870851995114,2716.270626304204,2642.1508820872355,2677.03076171875,444200,0.0,0
2016-05-06,2659.5906589370425,2672.6706129973886,2525.3031305841555,2561.927001953125,792900,0.0,0
2016-05-09,2611.6306311134404,2694.470333936738,2600.294671779726,2681.390380859375,362300,0.0,0
2016-05-10,2690.11048065283,2742.4302955115563,2646.5106349372254,2729.350341796875,256400,0.0,0
2016-05-11,2790.3902487961477,2799.1102183236358,2716.2705078125,2716.2705078125,220600,0.0,0
2016-05-12,2703.190797261264,2746.790648829994,2668.31091600628,2733.710693359375,209800,0.0,0
2016-05-13,2746.790388875933,2755.510358364428,2629.07080078125,2629.07080078125,293600,0.0,0
2016-05-16,2615.9912109375,2698.8309326171875,2589.831298828125,2659.591064453125,267600,0.0,0
2016-05-17,2698.8306919753927,2746.790526566232,2672.6707821985715,2738.070556640625,247900,0.0,0
2016-05-18,2738.0706815586123,2820.9103996312456,2729.350711235177,2803.470458984375,437100,0.0,0
2016-05-19,2842.7102058247324,2912.469965476873,2803.470341020403,2851.43017578125,365500,0.0,0
2016-05-20,2816.549925811531,2820.909910216812,2772.950081758721,2812.18994140625,264800,0.0,0
2016-05-23,2781.670414663462,2842.7102043269233,2759.870489783654,2833.990234375,292600,0.0,0
2016-05-24,2812.1901797797736,2812.1901797797736,2764.2303472563976,2768.59033203125,191400,0.0,0
2016-05-25,2820.910158500144,2847.0700672343028,2772.9503258208524,2838.35009765625,178100,0.0,0
2016-05-26,2842.709943886409,2860.1498821924606,2716.270391167535,2746.790283203125,300800,0.0,0
2016-05-27,2751.1502784112963,2825.270016498447,2746.7902938179345,2807.830078125,308400,0.0,0
2016-05-30,2833.9902358682148,2860.1501457377676,2794.7503710638857,2851.43017578125,169900,0.0,0
2016-05-31,2851.4302995086255,2908.1101066854026,2838.3503440062923,2890.670166015625,240800,0.0,0
2016-06-01,2851.4301727578368,2890.670037520559,2812.1903079951144,2816.55029296875,197300,0.0,0
2016-06-02,2812.1905517578125,2829.6304931640625,2685.7509765625,2694.470947265625,260400,0.0,0
2016-06-03,2672.6707791236136,2729.3505835748488,2650.8708543346775,2703.190673828125,183700,0.0,0
2016-06-06,2633.4306672748767,2655.230590017218,2600.294784706517,2650.87060546875,278100,0.0,0
2016-06-07,2659.591064453125,2685.7509765625,2624.711181640625,2659.591064453125,237800,0.0,0
2016-06-08,2655.2305884030784,2655.2305884030784,2599.42278621661,2642.150634765625,233500,0.0,0
2016-06-09,2637.790840900112,2655.2307803440794,2588.0870134848037,2603.782958984375,357900,0.0,0
2016-06-10,2591.574751119102,2602.038713775034,2528.7909751835114,2568.90283203125,338100,0.0,0
2016-06-13,2508.7349696680103,2508.7349696680103,2431.9992458825445,2443.335205078125,356600,0.0,0
2016-06-14,2413.687668409755,2442.4635690808254,2336.9519332869017,2386.65576171875,395700,0.0,0
2016-06-15,2385.7837449596777,2498.271355741768,2351.7758626302084,2432.87158203125,497600,0.0,0
2016-06-16,2443.335636595302,2463.391567944942,2299.4561290870133,2317.76806640625,427900,0.0,0
2016-06-17,2351.77563130005,2387.5275040784345,2322.1277368009023,2334.335693359375,474200,0.0,0
2016-06-20,2412.815580917364,2490.42331011926,2400.6076235148184,2449.439453125,483500,0.0,0
2016-06-21,2428.5113822224716,2466.87924607087,2385.7835338458467,2456.415283203125,315300,0.0,0
2016-06-22,2463.3914009964524,2475.5993583819213,2398.863626244687,2423.279541015625,253000,0.0,0
2016-06-23,2424.1516181572338,2510.4793196671494,2404.095687503415,2493.911376953125,369600,0.0,0
2016-06-24,2563.6710786614804,2577.6230301099786,2188.712383483101,2234.92822265625,503400,0.0,0
2016-06-27,2254.111973089151,2301.199805409002,2152.088336396141,2183.480224609375,430600,0.0,0
2016-06-28,2136.392675060244,2171.272555469391,2014.3130936282303,2125.9287109375,603400,0.0,0
2016-06-29,2205.280198488849,2223.5921337076174,2146.8564051718254,2195.688232421875,389600,0.0,0
2016-06-30,2252.3683824887903,2276.784299914143,2190.456591874503,2193.944580078125,437900,0.0,0
2016-07-01,2237.5442135528433,2297.71200417449,2227.952246932001,2234.92822265625,496900,0.0,0
2016-07-04,2206.152321755349,2239.288206429935,2173.0164370807624,2226.208251953125,327200,0.0,0
2016-07-05,2204.4085446889903,2209.640526994423,2165.168677398245,2193.944580078125,278100,0.0,0
2016-07-06,2136.392772750349,2147.7287344016777,2079.712964493707,2106.744873046875,378100,0.0,0
2016-07-07,2107.6167225766303,2163.424529876963,2084.94480086087,2096.28076171875,283900,0.0,0
2016-07-08,2114.592570622494,2126.8005277312423,2061.4007575058044,2065.7607421875,205900,0.0,0
2016-07-11,2065.7607421875,2065.7607421875,2065.7607421875,2065.7607421875,0,0.0,0
2016-07-12,2232.312291434928,2393.631734370655,2232.312291434928,2351.77587890625,695400,0.0,0
2016-07-13,2445.951685158603,2554.9513146219992,2442.4636970157744,2460.775634765625,914700,0.0,0
2016-07-14,2431.1274455647845,2460.7753412424036,2371.831654209546,2457.287353515625,467100,0.0,0
2016-07-15,2494.7835697589117,2573.26330456433,2485.191602171583,2516.58349609375,731300,0.0,0
2016-07-19,2567.1592033435686,2615.1190390038596,2510.479397563225,2555.8232421875,721700,0.0,0
2016-07-20,2546.231275634351,2583.7271471591034,2500.8874309997664,2564.543212890625,646400,0.0,0
2016-07-21,2600.2947815345615,2659.5905713213992,2589.830818631002,2633.4306640625,444200,0.0,0
2016-07-22,2538.3832231855063,2572.391105598503,2470.3674583595116,2493.911376953125,445200,0.0,0
2016-07-25,2450.3116474318626,2582.855195620348,2443.335671211416,2489.551513671875,551900,0.0,0
2016-07-26,2390.1434069525576,2395.37538814253,2270.6798364481792,2281.143798828125,801700,0.0,0
2016-07-27,2338.6959735078153,2429.3836622642707,2316.024051318702,2363.98388671875,715900,0.0,0
2016-07-28,2351.775677978791,2354.391668721815,2295.9678754609404,2320.3837890625,299400,0.0,0
2016-07-29,2315.1517933580844,2386.6555398949445,2282.887907725599,2375.319580078125,425500,0.0,0
2016-08-01,2346.543615061978,2414.559372020296,2335.207655568925,2400.607421875,403500,0.0,0
2016-08-02,2357.0075166077363,2389.27140048287,2327.359623317073,2344.799560546875,255400,0.0,0
2016-08-03,2262.8322505803526,2279.400193840864,2215.7444118399526,2256.728271484375,523600,0.0,0
2016-08-04,2282.8878943392315,2438.9753401324792,2261.087971742409,2430.25537109375,554800,0.0,0
2016-08-05,2440.719316872101,2513.9670562851975,2393.6314843922537,2467.751220703125,624900,0.0,0
2016-08-08,2511.351254631189,2594.190966155482,2498.271300179985,2588.958984375,335300,0.0,0
2016-08-09,2595.0629185732114,2650.8707232737106,2588.086942985649,2620.350830078125,404700,0.0,0
2016-08-10,2600.295143733268,2646.510986328125,2572.3912387703353,2646.510986328125,372900,0.0,0
2016-08-12,2642.1508748099304,2655.2308296357223,2585.471070564833,2598.551025390625,362900,0.0,0
2016-08-15,2585.470800435185,2602.910738380785,2556.694902824945,2583.726806640625,184800,0.0,0
2016-08-16,2552.3351492843335,2575.007070665062,2486.063379094511,2487.807373046875,363700,0.0,0
2016-08-17,2459.903428624288,2547.10312478254,2445.9514772389675,2545.359130859375,415400,0.0,0
2016-08-18,2514.839166026298,2582.8549271046786,2493.0392426037397,2553.20703125,333300,0.0,0
2016-08-19,2528.7912374647194,2589.8310259552472,2511.351297895997,2548.84716796875,276500,0.0,0
2016-08-22,2572.3911854156004,2588.9591286437008,2544.4872810314314,2555.8232421875,211100,0.0,0
2016-08-23,2543.6150065160996,2547.9749911004606,2492.167188420642,2497.399169921875,242700,0.0,0
2016-08-24,2520.942868805726,2569.774691930292,2509.6069098660946,2512.222900390625,168700,0.0,0
2016-08-25,2517.455176793232,2538.3831034447862,2492.1672654226036,2524.43115234375,113500,0.0,0
2016-08-26,2490.4233124005837,2532.279166390509,2466.87939453125,2466.87939453125,233300,0.0,0
2016-08-29,2528.7908282341727,2581.9826353108224,2509.6068978130857,2558.438720703125,203200,0.0,0
2016-08-30,2544.4871338977923,2557.5670883215303,2513.9672402424044,2545.359130859375,122600,0.0,0
2016-08-31,2572.3909991060323,2646.51073975824,2572.3909991060323,2629.07080078125,351500,0.0,0
2016-09-01,2642.1508820872355,2694.4707015345075,2633.4309121793567,2677.03076171875,281300,0.0,0
2016-09-02,2650.8707245024875,2668.3106634794776,2611.63086180426,2629.07080078125,218900,0.0,0
2016-09-05,2690.110463123448,2711.9103858391973,2633.4306640625,2633.4306640625,219800,0.0,0
2016-09-06,2663.9510498046875,2685.7509765625,2637.7911376953125,2659.591064453125,104500,0.0,0
2016-09-07,2615.9908453358985,2629.070799562578,2588.086942985649,2620.350830078125,192600,0.0,0
2016-09-08,2624.7109375,2642.150877284053,2599.423024813123,2624.7109375,102800,0.0,0
2016-09-09,2615.9906154725613,2694.470333936738,2610.758634241616,2681.390380859375,160600,0.0,0
2016-09-12,2615.990745051473,2629.0706987767303,2586.3428499408897,2604.65478515625,242800,0.0,0
2016-09-13,2624.711181640625,2624.711181640625,2557.5674072265624,2563.67138671875,183600,0.0,0
2016-09-14,2557.5670172663426,2595.9348825100246,2517.455158147948,2561.927001953125,238700,0.0,0
2016-09-15,2532.279067944826,2538.38304641439,2471.239283249186,2477.34326171875,286200,0.0,0
2016-09-16,2517.4553006106858,2556.6951650123074,2493.911381969713,2546.231201171875,412900,0.0,0
2016-09-20,2516.58330195986,2554.9511693494073,2502.6313501818427,2528.791259765625,236800,0.0,0
2016-09-21,2526.1751699124093,2711.9105206860863,2520.0711912484853,2698.83056640625,343200,0.0,0
2016-09-23,2668.310786960133,2668.310786960133,2614.246973629568,2624.7109375,195200,0.0,0
2016-09-26,2615.118773680173,2633.4307090743987,2592.4468536682743,2610.7587890625,117400,0.0,0
2016-09-27,2586.3431912518017,2668.3109120804156,2562.7992714393276,2646.510986328125,340700,0.0,0
2016-09-28,2620.3508964351477,2633.43085099306,2554.9511236455846,2560.18310546875,205200,0.0,0
2016-09-29,2603.7828940134,2711.9105158679417,2594.1909275585617,2663.95068359375,359800,0.0,0
2016-09-30,2614.247216796875,2629.0711669921875,2563.67138671875,2563.67138671875,287000,0.0,0
2016-10-03,2607.2708197102147,2620.350773655249,2563.6709732267664,2573.262939453125,203500,0.0,0
2016-10-04,2557.567190747554,2633.430929443441,2557.567190747554,2595.93505859375,309700,0.0,0
2016-10-05,2610.7588636452265,2650.8707232737106,2601.1668972123284,2620.350830078125,226500,0.0,0
2016-10-06,2659.590697640856,2690.1105908924724,2642.150758639932,2655.230712890625,337600,0.0,0
2016-10-07,2642.150758639932,2659.590697640856,2615.9908501385466,2655.230712890625,156900,0.0,0
2016-10-11,2642.151001177667,2690.1108378327067,2633.4310308767504,2646.510986328125,163200,0.0,0
2016-10-12,2597.6787859760398,2629.070674628318,2554.950937532661,2607.270751953125,254900,0.0,0
2016-10-13,2609.8869114969266,2655.230753594434,2582.855005631105,2588.958984375,160200,0.0,0
2016-10-14,2588.9591823420765,2655.2309566290414,2584.5991971916183,2646.510986328125,185400,0.0,0
2016-10-17,2642.151123046875,2724.9908447265625,2629.0711669921875,2659.591064453125,288700,0.0,0
2016-10-18,2663.950806856932,2681.3907466726896,2615.9909723635997,2677.03076171875,205700,0.0,0
2016-10-19,2685.7506133001207,2716.270506633077,2672.670659014568,2707.550537109375,236200,0.0,0
2016-10-20,2690.1107205121943,2733.710570115309,2677.03076563126,2720.630615234375,281800,0.0,0
2016-10-21,2707.5504012960473,2707.5504012960473,2609.014750620861,2633.4306640625,399300,0.0,0
2016-10-24,2746.790182630647,2873.229730719994,2746.790182630647,2847.06982421875,977300,0.0,0
2016-10-25,2833.990115100191,2912.4698413645037,2825.2701455152674,2855.7900390625,443700,0.0,0
2016-10-26,2829.630143133284,2990.9495811855672,2825.2701583210605,2960.4296875,551500,0.0,0
2016-10-27,2982.229740537446,3086.869380556304,2982.229740537446,3034.549560546875,564000,0.0,0
2016-10-28,3012.7496334352354,3056.3494834125904,2956.0698284646737,3008.3896484375,326400,0.0,0
2016-10-31,3043.269409703594,3069.4293186695277,3021.4694855653165,3047.62939453125,253300,0.0,0
2016-11-01,3025.8293498883927,3060.7092271205356,2969.1495493861607,3051.9892578125,257800,0.0,0
2016-11-02,2977.869747716524,3004.0296576525407,2916.8299578658193,2938.6298828125,394900,0.0,0
2016-11-04,2877.590092961795,2951.7098377805078,2851.4301830257787,2938.6298828125,407300,0.0,0
2016-11-07,2999.669307055271,3051.989120550421,2977.869384765625,2977.869384765625,229700,0.0,0
2016-11-08,2999.66943359375,3034.549310728561,2982.2294950263445,2999.66943359375,172000,0.0,0
2016-11-09,3051.989087779276,3051.989087779276,2777.3100698791413,2829.6298828125,440000,0.0,0
2016-11-10,3047.6295197050454,3095.5893547790874,3030.189579678121,3086.869384765625,433300,0.0,0
2016-11-11,3139.1889465507925,3191.508762326639,3008.3894071111763,3025.829345703125,659800,0.0,0
2016-11-14,3051.989287920995,3300.5084156517046,3030.189364435845,3252.548583984375,601500,0.0,0
2016-11-15,3226.388663826408,3239.468617868947,3086.86915403932,3174.06884765625,712000,0.0,0
2016-11-16,3261.2685480712225,3304.8683949705705,3204.5887471020706,3217.668701171875,337800,0.0,0
2016-11-17,3187.1489326630663,3252.5487055631293,3165.349008363045,3248.188720703125,355300,0.0,0
2016-11-18,3304.8684029947917,3304.8684029947917,3248.1886018880205,3269.988525390625,203200,0.0,0
2016-11-21,3283.0684846661647,3322.308347032693,3230.748668177461,3304.868408203125,197400,0.0,0
2016-11-22,3352.8278808593755,3357.1878650997646,3283.0681330131465,3352.827880859375,211800,0.0,0
2016-11-24,3400.7878399140427,3413.8677931444813,3370.267949043019,3392.06787109375,227600,0.0,0
2016-11-25,3413.8681686805444,3479.267942026915,3409.5081837907865,3457.468017578125,403300,0.0,0
2016-11-28,3400.788082152374,3400.788082152374,3331.028326621043,3374.628173828125,459400,0.0,0
2016-11-29,3326.668336873266,3392.0681075850603,3304.868413302668,3339.748291015625,290600,0.0,0
2016-11-30,3400.788333168513,3470.5480938488927,3365.908452828323,3444.38818359375,411800,0.0,0
2016-12-01,3501.0676284695264,3557.7474281832297,3483.6276900960793,3509.78759765625,498100,0.0,0
2016-12-02,3570.827398482372,3614.427244617688,3527.227552347056,3605.707275390625,423100,0.0,0
2016-12-05,3575.1876189172044,3575.1876189172044,3505.427860499308,3544.667724609375,331900,0.0,0
2016-12-06,3596.987179944115,3618.7871022468066,3549.0273508781934,3583.9072265625,240500,0.0,0
2016-12-07,3627.507572399527,3688.54736328125,3618.787602273567,3688.54736328125,344900,0.0,0
2016-12-08,3723.4268762882807,3732.146845553593,3649.3071375331274,3701.626953125,212400,0.0,0
2016-12-09,3535.947634827857,3575.1874976064646,3435.667985504749,3557.74755859375,1320100,0.0,0
2016-12-12,3527.227775814253,3531.5877607040115,3317.9485011058673,3457.468017578125,1182800,0.0,0
2016-12-13,3413.868290721922,3483.628051451872,3374.6284253113254,3479.26806640625,595300,0.0,0
2016-12-14,3487.987905166881,3505.4278446927156,3365.9083284860403,3396.42822265625,396000,0.0,0
2016-12-15,3418.227916731852,3505.427608485216,3413.867932144184,3483.627685546875,389700,0.0,0
2016-12-16,3496.707514010482,3514.1474517362203,3448.7476852647023,3470.547607421875,251500,0.0,0
2016-12-19,3392.068238711388,3422.588132890025,3348.4683898847634,3405.148193359375,304500,0.0,0
2016-12-20,3405.1479523288217,3435.667844347134,3387.7080140326434,3422.587890625,190900,0.0,0
2016-12-21,3422.588255270933,3470.548090695112,3400.7883300781245,3400.788330078125,252400,0.0,0
2016-12-22,3392.0683587457715,3400.788328819668,3348.468508376289,3383.348388671875,186100,0.0,0
2016-12-26,3383.348388671875,3400.788328819668,3370.26843356103,3383.348388671875,119200,0.0,0
2016-12-27,3383.348268946063,3444.3880573033375,3374.628299180738,3405.148193359375,180400,0.0,0
2016-12-28,3413.8681621820847,3413.8681621820847,3374.6282982489574,3396.42822265625,144200,0.0,0
2016-12-29,3361.5482132996567,3361.5482132996567,3309.2283967502453,3331.0283203125,197400,0.0,0
2016-12-30,3287.428595074153,3357.188353059811,3265.6286707036347,3344.1083984375,175400,0.0,0
2017-01-04,3392.067891235352,3501.067502136231,3387.707906799317,3487.987548828125,262700,0.0,0
2017-01-05,3509.7877179000743,3514.147702642807,3461.827885730011,3496.707763671875,199400,0.0,0
2017-01-06,3444.388181725327,3453.1081518056444,3378.9884061229473,3418.228271484375,239700,0.0,0
2017-01-10,3400.7878399140427,3444.387684015505,3374.6279334531655,3392.06787109375,236600,0.0,0
2017-01-11,3370.268434808193,3405.1483151166863,3344.1085245768227,3400.788330078125,219500,0.0,0
2017-01-12,3339.748288452469,3370.268181427883,3283.068487212414,3322.308349609375,335100,0.0,0
2017-01-13,3287.428592235751,3331.0284409391425,3283.0686073654115,3317.948486328125,187600,0.0,0
2017-01-16,3317.948481451814,3335.3884209075395,3269.988647948568,3274.3486328125,253800,0.0,0
2017-01-17,3269.988394235242,3269.988394235242,3204.588626350537,3222.028564453125,272300,0.0,0
2017-01-18,3213.3089622579596,3252.548827468708,3178.4290820706274,3243.828857421875,313900,0.0,0
2017-01-19,3287.428708979153,3304.868649079838,3226.3889186267547,3261.268798828125,313200,0.0,0
2017-01-20,3269.988647948568,3304.8685268600198,3252.5487084928427,3274.3486328125,119500,0.0,0
2017-01-23,3361.5482093992205,3387.7081176435727,3283.0684846661647,3304.868408203125,302700,0.0,0
2017-01-24,3278.708374833998,3317.9482357030215,3252.5484675879816,3283.068359375,225900,0.0,0
2017-01-25,3370.268181427883,3370.268181427883,3291.788456633961,3322.308349609375,259900,0.0,0
2017-01-26,3344.1085245768227,3409.508300155248,3331.0285694611375,3400.788330078125,250200,0.0,0
2017-01-27,3400.788087186301,3422.5880108221104,3383.3481482776533,3409.508056640625,311800,0.0,0
2017-01-30,3378.98828125,3383.3482661290323,3335.3884324596775,3378.98828125,178100,0.0,0
2017-01-31,3317.9483661751474,3370.2681827245583,3309.2283967502453,3331.0283203125,195100,0.0,0
2017-02-01,3304.868054215093,3365.9078335805434,3296.1480857343145,3352.827880859375,197600,0.0,0
2017-02-02,3405.1481787304424,3405.1481787304424,3269.988647948568,3274.3486328125,239200,0.0,0
2017-02-03,3274.348139955656,3287.428092578648,3243.828250502008,3256.908203125,194000,0.0,0
2017-02-06,3274.348627870382,3304.8685218718374,3217.668824724823,3230.748779296875,221100,0.0,0
2017-02-07,3230.7486656452047,3304.8684056127736,3222.028696237255,3287.428466796875,208000,0.0,0
2017-02-08,3256.908452128984,3291.7883284570057,3248.188483046979,3283.068359375,135100,0.0,0
2017-02-09,3256.9086894347242,3269.988644010767,3235.108765141319,3239.46875,89600,0.0,0
2017-02-10,3300.508305580869,3339.748166545503,3261.2684446162352,3326.668212890625,113600,0.0,0
2017-02-13,3348.4681435963776,3383.3480200921736,3348.4681435963776,3370.26806640625,118600,0.0,0
2017-02-14,3370.2684316659897,3431.3082221489444,3348.468506493506,3357.1884765625,189400,0.0,0
2017-02-15,3387.7083762032644,3426.948241564692,3378.9884061229473,3418.228271484375,85600,0.0,0
2017-02-16,3435.66796875,3474.9078313372465,3405.1480756265864,3435.66796875,195400,0.0,0
2017-02-17,3422.5878937193047,3461.827754921182,3392.0680016734,3440.02783203125,173200,0.0,0
2017-02-20,3418.2280298223354,3440.0279534819165,3396.428106162754,3435.66796875,136600,0.0,0
2017-02-21,3426.948125171542,3474.907958984375,3413.8681704953146,3474.907958984375,104700,0.0,0
2017-02-22,3466.1881069261203,3483.6280470867546,3405.148316363899,3418.228271484375,213800,0.0,0
2017-02-23,3431.30810265535,3431.30810265535,3383.348268946063,3405.148193359375,141000,0.0,0
2017-02-24,3392.0682396431994,3457.4680129011017,3392.0682396431994,3413.8681640625,135000,0.0,0
2017-02-27,3374.6281608763675,3392.068099692266,3283.0684820929005,3287.428466796875,220300,0.0,0
2017-02-28,3317.9486106236777,3383.3483861287436,3304.8686555226645,3348.468505859375,199400,0.0,0
2017-03-01,3317.9483724589186,3387.7081279902495,3304.868418296794,3374.628173828125,186500,0.0,0
2017-03-02,3435.6677355957036,3505.427486572266,3435.6677355957036,3487.987548828125,358900,0.0,0
2017-03-03,3470.5477240771547,3496.707631545073,3418.2279091413184,3440.02783203125,163700,0.0,0
2017-03-06,3405.1479554073594,3453.1077857652094,3396.4279862513863,3440.02783203125,122400,0.0,0
2017-03-07,3413.867921476911,3440.0278289211788,3405.1479523288217,3422.587890625,140100,0.0,0
2017-03-08,3431.308224078306,3448.7481642260996,3383.348388671875,3383.348388671875,162600,0.0,0
2017-03-09,3448.747701359029,3562.107297105344,3448.747701359029,3549.02734375,464000,0.0,0
2017-03-10,3618.7873546893775,3736.5069433358995,3588.2674613365757,3627.50732421875,465200,0.0,0
2017-03-13,3575.18738600895,3649.3071244993794,3566.4674167747817,3623.147216796875,304000,0.0,0
2017-03-14,3618.787240857614,3675.4670410156245,3605.707286974996,3675.467041015625,179600,0.0,0
2017-03-15,3623.147219720715,3658.0270966855355,3583.9073581352923,3640.587158203125,219300,0.0,0
2017-03-16,3610.067508820565,3666.7473127030134,3588.2675842503922,3649.307373046875,147700,0.0,0
2017-03-17,3640.587155265211,3644.9471398822952,3592.627324477286,3623.147216796875,222400,0.0,0
2017-03-21,3579.5477291944553,3592.6276843559453,3527.2279085484947,3575.187744140625,198900,0.0,0
2017-03-22,3474.9078313372465,3479.2678160691626,3426.9479992861675,3435.66796875,269700,0.0,0
2017-03-23,3413.8681621820847,3422.588131945002,3357.1883587231227,3396.42822265625,348300,0.0,0
2017-03-24,3422.5880145542515,3466.187861873414,3409.508060358503,3435.66796875,171500,0.0,0
2017-03-27,3383.348261335784,3396.4282159543504,3326.668457988664,3335.388427734375,176300,0.0,0
2017-03-28,3361.5484647310695,3400.7883300781245,3348.4685096153844,3400.788330078125,202200,0.0,0
2017-03-29,3445.5355124603784,3467.9091196841473,3423.16190523661,3441.060791015625,180400,100.0,0
2017-03-30,3458.959574944417,3467.9090175704055,3373.93986999753,3396.3134765625,254600,0.0,0
2017-03-31,3432.1112579508895,3436.585979278075,3347.0915527343745,3347.091552734375,198000,0.0,0
2017-04-03,3338.1422019190436,3351.5663662699244,3284.44554451552,3333.66748046875,279900,0.0,0
2017-04-04,3297.869700947746,3347.0916367827867,3239.6983222336066,3275.49609375,286800,0.0,0
2017-04-05,3279.9706622674466,3297.8695471911433,3235.2234499582046,3262.07177734375,177500,0.0,0
2017-04-06,3203.9004415880645,3239.698211885138,3159.153228716723,3172.577392578125,235300,0.0,0
2017-04-07,3239.6979560004343,3253.122118801541,3177.0518629286025,3221.799072265625,277800,0.0,0
2017-04-10,3239.6981711891285,3275.4959410365223,3212.8498438035836,3262.07177734375,247200,0.0,0
2017-04-11,3244.1730557466844,3253.1224986590887,3190.4763982722566,3226.274169921875,213900,0.0,0
2017-04-12,3186.001485359769,3194.950927734375,3154.6784370486475,3194.950927734375,208400,0.0,0
2017-04-13,3141.254323395509,3177.0520934626943,3123.3554383619166,3163.6279296875,339300,0.0,0
2017-04-14,3226.2740982938403,3275.4960332192663,3203.9004915095556,3248.647705078125,421100,0.0,0
2017-04-17,3221.799356871547,3266.5465701614294,3181.5268649106524,3239.6982421875,229100,0.0,0
2017-04-18,3311.2936806614157,3369.4650561324947,3284.445353520918,3302.34423828125,201600,0.0,0
2017-04-19,3239.6981214440384,3320.243102363918,3239.6981214440384,3293.394775390625,152000,0.0,0
2017-04-20,3271.02129017223,3378.41460202467,3271.02129017223,3347.091552734375,257500,0.0,0
2017-04-21,3436.585947503201,3494.75732421875,3396.313455930898,3494.75732421875,457600,0.0,0
2017-04-24,3458.9594105865995,3512.656063791049,3351.566104177701,3432.111083984375,623800,0.0,0
2017-04-25,3494.7573444858513,3552.928721538753,3476.8584592388047,3503.706787109375,461400,0.0,0
2017-04-26,3552.928780005573,3637.948486328125,3552.928780005573,3637.948486328125,414600,0.0,0
2017-04-27,3615.5749908597595,3682.695813709879,3615.5749908597595,3633.473876953125,271200,0.0,0
2017-04-28,3606.625366518419,3628.998973010469,3539.5045470422697,3552.9287109375,245700,0.0,0
2017-05-01,3593.2009902029895,3628.998758474003,3588.7262691691126,3620.04931640625,219500,0.0,0
2017-05-02,3620.0493498867,3691.6448870908866,3606.6251866609146,3687.170166015625,248100,0.0,0
2017-05-08,3767.715301621254,3821.4119567512485,3745.34169531709,3807.98779296875,356300,0.0,0
2017-05-09,3807.9877222364194,3861.684376369013,3799.0382798809874,3830.361328125,265100,0.0,0
2017-05-10,3848.2600587082356,3870.6336637007257,3812.4622907202524,3816.93701171875,203200,0.0,0
2017-05-11,3816.9370117187505,3857.2095007052317,3799.0381277247584,3816.93701171875,159300,0.0,0
2017-05-12,3821.411803047612,3825.8865241284643,3776.664592239092,3794.5634765625,147900,0.0,0
2017-05-15,3749.8160454963236,3812.4621369485294,3736.3918830422795,3803.5126953125,174100,0.0,0
2017-05-16,3790.088958884867,3825.8867294528472,3745.3417456748925,3776.664794921875,258300,0.0,0
2017-05-17,3736.3921811030464,3767.7152293278623,3705.0691328782304,3722.968017578125,177900,0.0,0
2017-05-18,3602.150644614819,3673.74618537735,3602.150644614819,3660.322021484375,279200,0.0,0
2017-05-19,3655.8468552192635,3696.1193419964648,3637.947972207174,3678.220458984375,186100,0.0,0
2017-05-22,3696.119620739061,3754.2909949153413,3682.6954574676115,3745.341552734375,146500,0.0,0
2017-05-23,3758.765707915684,3821.411803047612,3736.392102511424,3794.5634765625,230400,0.0,0
2017-05-24,3839.310609605577,3919.8555874294707,3830.361167625145,3866.158935546875,211800,0.0,0
2017-05-25,3843.7853097583748,3879.583077486043,3830.361146860499,3857.20947265625,91500,0.0,0
2017-05-26,3852.734800746985,3870.6336848387245,3821.41175358644,3825.886474609375,137600,0.0,0
2017-05-29,3830.361020220588,3839.3104618566176,3790.088532858456,3803.5126953125,79200,0.0,0
2017-05-30,3772.189912178147,3821.411844602773,3763.2404699191243,3812.46240234375,111600,0.0,0
2017-05-31,3785.613812040441,3830.361020220588,3785.613812040441,3803.5126953125,145200,0.0,0
2017-06-01,3803.512841683847,3901.956703468605,3799.038120693631,3866.158935546875,182100,0.0,0
2017-06-02,3906.4314444454076,4036.1983538256104,3888.532560392966,4031.7236328125,381700,0.0,0
2017-06-05,4018.2992523603907,4018.2992523603907,3973.552044650364,3991.450927734375,162800,0.0,0
2017-06-06,3955.6537686434663,4000.4009832208812,3928.8054398970175,3937.7548828125,152600,0.0,0
2017-06-07,3924.330777755978,3973.5527145351293,3919.8560562306006,3964.603271484375,140700,0.0,0
2017-06-08,3946.7044719827586,3986.9769665948274,3888.5330908764367,3893.0078125,171600,0.0,0
2017-06-09,3893.007143621576,3946.703793878425,3875.108260202626,3919.85546875,131400,0.0,0
2017-06-12,3875.1083565200843,3919.8555661796695,3848.2600307243333,3857.20947265625,148800,0.0,0
2017-06-13,3812.4624434141356,3848.2602128358644,3799.0382798809874,3830.361328125,142800,0.0,0
2017-06-14,3897.4822694277436,3951.1789252637172,3875.1086628294215,3884.05810546875,161900,0.0,0
2017-06-15,3875.108426925321,3910.9061953033843,3807.987611216453,3834.8359375,148500,0.0,0
2017-06-16,3875.108551271217,3897.482157225439,3848.260224126151,3888.53271484375,121400,0.0,0
2017-06-19,3901.957170129091,3978.0274360605067,3879.583562502204,3964.603271484375,164900,0.0,0
2017-06-20,4027.2487527073017,4089.894844416082,4013.8245901982773,4067.521240234375,265600,0.0,0
2017-06-21,4013.824868784712,4022.7743110785464,3928.8051669932856,3978.027099609375,154200,0.0,0
2017-06-22,3978.0274360605067,3986.9768791112615,3955.6538284336198,3964.603271484375,109600,0.0,0
2017-06-23,3991.4509063377805,4013.8245100728577,3969.077302602703,3982.50146484375,111900,0.0,0
2017-06-26,3986.9768990181587,3991.4516205658783,3969.0780128272804,3973.552734375,95600,0.0,0
2017-06-27,3982.5017584760762,3991.451200629955,3937.754547706682,3951.1787109375,113200,0.0,0
2017-06-28,3933.280029296875,3964.60307844941,3879.5833736068153,3933.280029296875,86300,0.0,0
2017-06-29,3982.502337573269,4107.794545946361,3951.179285479996,4103.31982421875,273300,0.0,0
2017-06-30,4040.6728728742232,4054.097035242576,3982.5015026113606,4049.622314453125,225300,0.0,0
2017-07-03,4049.6223144531255,4071.99591840038,4018.2992689269686,4049.622314453125,125200,0.0,0
2017-07-04,4071.9961219304937,4085.420284969825,4009.3500277469475,4031.7236328125,122700,0.0,0
2017-07-05,4000.400422469429,4121.2178848930025,3960.1279349949045,4116.7431640625,212200,0.0,0
2017-07-06,4076.470976768206,4080.9456979282154,4013.82488052808,4036.198486328125,156000,0.0,0
2017-07-07,3995.926025390625,4022.774352548905,3933.2799286879726,3995.926025390625,144800,0.0,0
2017-07-10,4067.5220503978667,4125.693432856802,4036.1989983045937,4103.31982421875,177800,0.0,0
2017-07-11,4080.9458412936683,4103.319447879709,4067.5216773420443,4098.8447265625,79300,0.0,0
2017-07-12,4058.5720713975693,4071.9962348090276,4013.8248600260413,4027.2490234375,139800,0.0,0
2017-07-13,4063.0468132881792,4063.0468132881792,4018.2996016880893,4036.198486328125,101800,0.0,0
2017-07-14,4045.147940146858,4103.319315392333,4040.673218974129,4094.369873046875,89100,0.0,0
2017-07-17,4094.369873046875,4094.369873046875,4094.369873046875,4094.369873046875,0,0.0,0
2017-07-18,4045.147630774456,4116.7431640625,3995.9257016389265,4116.7431640625,179600,0.0,0
2017-07-19,4094.3698822291553,4094.3698822291553,4045.1479492187505,4045.14794921875,109600,0.0,0
2017-07-20,4018.29930579144,4125.692605723505,3982.501539147418,4116.7431640625,208800,0.0,0
2017-07-21,4161.490954602816,4237.561219364373,4107.79429712407,4210.712890625,316600,0.0,0
2017-07-24,4250.984947394705,4264.409110386478,4103.319154485205,4130.16748046875,285300,0.0,0
2017-07-25,4139.117290944875,4161.490897922956,4049.622863032554,4076.47119140625,189800,0.0,0
2017-07-26,4107.7940665744,4165.965442244844,4054.0974121093755,4054.097412109375,201600,0.0,0
2017-07-27,4063.0466726202717,4112.268603676244,4040.6730675948293,4080.945556640625,151000,0.0,0
2017-07-28,4474.720769961978,4707.40625,4474.720769961978,4707.40625,1527700,0.0,0
2017-07-31,4635.811238606771,4832.698974609375,4573.165140787761,4725.3056640625,917300,0.0,0
2017-08-01,4698.457130225928,4779.002109601231,4617.912150850627,4635.81103515625,400700,0.0,0
2017-08-02,4662.659772464737,4779.002530702821,4564.215900109435,4600.013671875,403200,0.0,0
2017-08-03,4582.114215686274,4626.8614248238355,4519.468122893689,4564.21533203125,266800,0.0,0
2017-08-04,4537.367508663958,4725.305807839388,4528.41806584608,4680.55859375,368900,0.0,0
2017-08-07,4707.406655965638,4787.951636771133,4653.710002095307,4671.60888671875,271900,0.0,0
2017-08-08,4662.659008360745,4689.507332785088,4582.1140350877195,4591.0634765625,185800,0.0,0
2017-08-09,4582.114398422091,4617.912167159763,4483.670534393491,4537.3671875,273500,0.0,0
2017-08-10,4519.468444581051,4591.063984297186,4438.923462400398,4492.6201171875,286500,0.0,0
2017-08-11,4492.6201171875,4492.6201171875,4492.6201171875,4492.6201171875,0,0.0,0
2017-08-14,4434.448741168139,4546.316771974602,4367.327922684262,4492.6201171875,431300,0.0,0
2017-08-15,4564.215514053255,4591.063840606509,4519.468303131164,4537.3671875,211600,0.0,0
2017-08-16,4483.670451897987,4564.215430075795,4483.670451897987,4501.5693359375,143300,0.0,0
2017-08-17,4465.7717376678065,4492.620064747974,4385.226756427305,4416.5498046875,238300,0.0,0
2017-08-18,4385.226744978824,4438.923398998973,4353.903696800404,4358.37841796875,231600,0.0,0
2017-08-21,4447.8727695671605,4492.6199805286005,4380.751953125,4380.751953125,258300,0.0,0
2017-08-22,4380.7520060711595,4465.771707925452,4340.4795157191265,4456.822265625,239000,0.0,0
2017-08-23,4465.771567858474,4528.417661996769,4452.347404828839,4501.5693359375,190800,0.0,0
2017-08-24,4501.5693643430295,4537.367132647944,4456.822153961886,4461.296875,244800,0.0,0
2017-08-25,4474.721180027862,4492.620064747974,4412.075083507472,4416.5498046875,181600,0.0,0
2017-08-28,4434.4486023791915,4555.266071868837,4412.074996918146,4537.3671875,251000,0.0,0
2017-08-29,4483.670745941254,4510.519073761261,4443.398254211243,4470.24658203125,173900,0.0,0
2017-08-30,4519.46868540248,4635.811443640564,4456.822584812743,4600.013671875,349900,0.0,0
2017-08-31,4626.861796061198,4626.861796061198,4474.721272786459,4510.51904296875,404200,0.0,0
2017-09-01,4555.2666015625,4608.963260912942,4501.569942212058,4555.2666015625,268500,0.0,0
2017-09-04,4510.519385437131,4564.216044787573,4470.2468909243,4555.2666015625,243700,0.0,0
2017-09-05,4555.265974646073,4555.265974646073,4277.833272850339,4286.78271484375,345300,0.0,0
2017-09-06,4224.1366746794865,4380.751911558494,4170.440022035256,4362.85302734375,336600,0.0,0
2017-09-07,4398.651190782497,4537.3675559038165,4398.651190782497,4483.6708984375,347500,0.0,0
2017-09-08,4510.519227170658,4582.114770459081,4474.721455526446,4483.6708984375,303700,0.0,0
2017-09-11,4546.31649017334,4617.91202545166,4546.31649017334,4582.1142578125,196600,0.0,0
2017-09-12,4644.760600548664,4716.356139670802,4608.962830987595,4689.5078125,241200,0.0,0
2017-09-13,4770.052553091476,4868.496414412313,4770.052553091476,4796.90087890625,449400,0.0,0
2017-09-14,4796.901407121283,4850.598064663685,4770.053078350082,4814.80029296875,314200,0.0,0
2017-09-15,4787.9511638264075,4940.091668097527,4779.001722398695,4886.39501953125,340100,0.0,0
2017-09-18,4886.39501953125,4886.39501953125,4886.39501953125,4886.39501953125,0,0.0,0
2017-09-19,4904.294210354053,4940.091978312841,4859.547000405567,4913.24365234375,235100,0.0,0
2017-09-20,5011.687665052817,5128.0304144201145,4949.041569239656,5083.283203125,367300,0.0,0
2017-09-21,5092.232421875,5163.827956804701,5056.434654410149,5092.232421875,254100,0.0,0
2017-09-22,5029.586690303064,5110.131672887988,4975.890035246447,5038.5361328125,206600,0.0,0
2017-09-25,5029.586467337101,5074.333677900598,5002.738140999002,5047.4853515625,165800,0.0,0
2017-09-26,4993.789102608817,5047.485759626116,4949.041888427734,5011.68798828125,174000,0.0,0
2017-09-27,5020.637025224401,5065.384235787898,4984.839256773604,5047.4853515625,132400,0.0,0
2017-09-28,5065.384359580592,5119.081013569079,5047.485474917763,5101.18212890625,275200,0.0,0
2017-09-29,5065.384220448369,5172.777525475543,5047.485336277174,5145.92919921875,194800,0.0,0
2017-10-02,5145.929381897399,5145.929381897399,5083.283285074301,5119.0810546875,115200,0.0,0
2017-10-03,5092.232562125997,5128.030330576795,5038.5359094498,5047.4853515625,132700,0.0,0
2017-10-04,5002.738198550112,5038.535967412725,4940.09210304054,4966.9404296875,326300,0.0,0
2017-10-05,5011.6877423585765,5047.485511946852,4895.344991196681,4904.29443359375,199200,0.0,0
2017-10-06,4931.142536323144,4975.8897462716295,4886.395326374658,4913.24365234375,143300,0.0,0
2017-10-09,4913.243652343749,4913.243652343749,4913.243652343749,4913.24365234375,0,0.0,0
2017-10-10,4904.294415250447,5011.687723613596,4886.395530523256,5002.73828125,273800,0.0,0
2017-10-11,4949.041645579095,4975.889972770301,4895.344991196681,4904.29443359375,207400,0.0,0
2017-10-12,4931.142536323144,4940.091978312841,4886.395326374658,4913.24365234375,164500,0.0,0
2017-10-13,4832.698674436475,4931.142536323144,4770.0525805085945,4913.24365234375,263400,0.0,0
2017-10-16,4913.243875990819,4949.041645579095,4859.547221608405,4904.29443359375,222000,0.0,0
2017-10-17,4966.940734206989,5038.536276321684,4949.041848678316,4993.7890625,207600,0.0,0
2017-10-18,5047.4852125439365,5110.131305607425,4993.788561346661,5092.232421875,298500,0.0,0
2017-10-19,5065.384235787898,5136.979772689494,5020.637025224401,5047.4853515625,331300,0.0,0
2017-10-20,5002.737920008297,5119.080662334071,5002.737920008297,5056.4345703125,237300,0.0,0
2017-10-23,5065.384419215129,5110.131631399009,4850.597800732509,5020.63720703125,652000,0.0,0
2017-10-24,4922.193340226716,5056.434976778353,4886.395570479613,5020.63720703125,312800,0.0,0
2017-10-25,5029.586180281772,5047.485063485621,4787.9512570298,4823.7490234375,548800,0.0,0
2017-10-26,4805.850865081953,4949.041952309721,4779.002536226746,4931.14306640625,503800,0.0,0
2017-10-27,4913.243957519531,4984.839497884115,4895.345072428386,4940.09228515625,279700,0.0,0
2017-10-30,4904.294351016773,4957.991004495059,4796.9010440602015,4868.49658203125,780600,0.0,0
2017-10-31,4868.49660570018,5011.68768233842,4868.49660570018,4984.83935546875,295600,0.0,0
2017-11-01,5011.6880044720765,5154.879090314136,5011.6880044720765,5128.03076171875,362400,0.0,0
2017-11-02,5154.878641304347,5226.47417798913,5128.030315047554,5145.92919921875,258200,0.0,0
2017-11-03,5145.92919921875,5145.92919921875,5145.92919921875,5145.92919921875,0,0.0,0
2017-11-06,5128.030721527473,5181.727378297394,5083.283507552539,5110.1318359375,222700,0.0,0
2017-11-07,5092.23280843099,5172.777791341146,5029.5867106119795,5154.87890625,213400,0.0,0
2017-11-08,5128.030218065399,5217.524637228844,5056.4346827346435,5208.5751953125,255200,0.0,0
2017-11-09,5217.524921123798,5244.373248333697,5038.536073057801,5119.0810546875,291700,0.0,0
2017-11-10,5065.384400267701,5154.878824300699,5047.485515461101,5119.0810546875,207300,0.0,0
2017-11-13,5110.13150513795,5110.13150513795,4957.990987471846,4966.9404296875,217700,0.0,0
2017-11-14,5056.434979300214,5253.322713007478,5047.485536858974,5235.423828125,462500,0.0,0
2017-11-15,5271.22172274581,5423.362247850529,5065.384541721781,5074.333984375,372100,0.0,0
2017-11-16,5011.687825520834,5199.626118977865,4993.7889404296875,5154.87890625,260300,0.0,0
2017-11-17,5235.423436148356,5271.221203233132,5154.878460207612,5172.77734375,228600,0.0,0
2017-11-20,5163.828639161882,5190.676968308305,5056.435322576193,5065.384765625,198900,0.0,0
2017-11-21,5083.283285074301,5145.929381897399,5074.333842671001,5119.0810546875,134600,0.0,0
2017-11-22,5172.777427647122,5217.524637228844,5136.979659981744,5208.5751953125,166900,0.0,0
2017-11-23,5208.5751953125,5208.5751953125,5208.5751953125,5208.5751953125,0,0.0,0
2017-11-24,5226.47417798913,5226.47417798913,5119.080872961957,5145.92919921875,201200,0.0,0
2017-11-27,5154.878824300699,5172.7777091072985,5101.1821698809,5119.0810546875,125500,0.0,0
2017-11-28,5136.979798526863,5199.6258936308495,5119.0809142114385,5163.828125,132100,0.0,0
2017-11-29,5244.372962977878,5307.01905639229,5190.6763114798105,5208.5751953125,195700,0.0,0
2017-11-30,5226.474950923174,5289.12105478698,5172.778290468485,5271.22216796875,206900,0.0,0
2017-12-01,5298.069601075042,5369.665136224704,5253.322391606503,5307.01904296875,290300,0.0,0
2017-12-04,5324.9183981007545,5333.867840786638,5172.777872440733,5190.6767578125,227100,0.0,0
2017-12-05,5154.878543814432,5226.474079145189,5119.080776149055,5208.5751953125,131800,0.0,0
2017-12-06,5128.030330576795,5145.929214802194,5020.637025224401,5047.4853515625,220600,0.0,0
2017-12-07,5101.1822509765625,5181.727233886719,5092.23280843099,5154.87890625,187500,0.0,0
2017-12-08,5235.423985609553,5521.806152343751,5208.575657478222,5521.80615234375,645100,0.0,0
2017-12-11,5521.806010255476,5602.350992576869,5486.008240334858,5566.55322265625,270400,0.0,0
2017-12-12,5602.350777627512,5799.238504636785,5584.451893353941,5790.2890625,411900,0.0,0
2017-12-13,5790.2890208636145,5826.086789153343,5736.592368429021,5772.39013671875,284800,0.0,0
2017-12-14,5763.440679782775,5942.429520769818,5709.744027486662,5870.833984375,309400,0.0,0
2017-12-15,5861.884666051029,5951.379088433487,5763.440801430324,5924.53076171875,237300,0.0,0
2017-12-18,6014.025084080718,6049.822852438341,5960.328431544283,5987.1767578125,157000,0.0,0
2017-12-19,5933.480049605918,6094.570005703816,5924.530607600479,6067.7216796875,237300,0.0,0
2017-12-20,6040.873510815945,6040.873510815945,5897.682435004012,5924.53076171875,269300,0.0,0
2017-12-21,5888.7329927657665,5942.429646195241,5861.884666051029,5924.53076171875,137500,0.0,0
2017-12-22,5960.328837229793,6005.0760507225095,5933.480509134163,5951.37939453125,141800,0.0,0
2017-12-25,5951.37896281917,5951.37896281917,5861.884542325648,5870.833984375,90300,0.0,0
2017-12-26,5843.985880844466,5879.783650405535,5799.23866889313,5861.884765625,95000,0.0,0
2017-12-27,5852.935141705451,5924.530678607048,5843.985699592752,5888.73291015625,55300,0.0,0
2017-12-28,5861.884765625,5906.631977576336,5843.985880844466,5861.884765625,102600,0.0,0
2017-12-29,5879.783609153666,5924.53082079106,5843.98583984375,5843.98583984375,95200,0.0,0
2018-01-01,5843.98583984375,5843.98583984375,5843.98583984375,5843.98583984375,0,0.0,0
2018-01-02,5843.98583984375,5843.98583984375,5843.98583984375,5843.98583984375,0,0.0,0
2018-01-03,5843.98583984375,5843.98583984375,5843.98583984375,5843.98583984375,0,0.0,0
2018-01-04,5799.238633216396,6067.721903272711,5790.289190881186,6058.7724609375,206000,0.0,0
2018-01-05,6148.266463263187,6246.710322209176,6058.772046039559,6193.013671875,262700,0.0,0
2018-01-08,6193.013671875001,6193.013671875001,6193.013671875001,6193.013671875,0,0.0,0
2018-01-09,6219.862136951874,6219.862136951874,6076.671066173126,6148.2666015625,237800,0.0,0
2018-01-10,6130.367773725571,6193.013867763642,6049.822795676622,6067.7216796875,161000,0.0,0
2018-01-11,6005.075741862962,6005.075741862962,5879.783550527521,5924.53076171875,300900,0.0,0
2018-01-12,5969.278037585395,6121.418557283974,5969.278037585395,6058.7724609375,290600,0.0,0
2018-01-15,6112.469031505387,6121.418473718425,5960.32851388373,6022.974609375,161800,0.0,0
2018-01-16,6022.974772852423,6184.064737059471,6014.0253303964755,6094.5703125,237100,0.0,0
2018-01-17,6067.721803899397,6166.165667974461,6049.822919522113,6121.41845703125,196700,0.0,0
2018-01-18,6210.913147239963,6264.609802691605,6094.570393761405,6130.3681640625,220000,0.0,0
2018-01-19,6184.064758476675,6246.710855885266,6148.266988528908,6210.9130859375,221500,0.0,0
2018-01-22,6175.115476428953,6300.4076745014245,6103.519934673255,6282.5087890625,290300,0.0,0
2018-01-23,6300.407431722689,6425.699624967175,6246.710777475052,6389.90185546875,165000,0.0,0
2018-01-24,6327.2558163546255,6336.205258810573,6049.823100220264,6094.5703125,357600,0.0,0
2018-01-25,5978.227620442709,6103.5198160807295,5906.632080078125,6014.025390625,187800,0.0,0
2018-01-26,6040.8739679509945,6193.014497514205,5888.733438387784,5906.63232421875,256300,0.0,0
2018-01-29,5897.682493808624,5897.682493808624,5772.390301223919,5843.98583984375,381300,0.0,0
2018-01-30,5790.289199187147,5790.289199187147,5477.058717005461,5530.75537109375,537100,0.0,0
2018-01-31,5584.452025182039,5647.098121618376,5477.058717005461,5530.75537109375,368100,0.0,0
2018-02-01,5620.250080350079,5682.896179971815,5575.502866334553,5656.0478515625,280400,0.0,0
2018-02-02,5593.401467530087,5620.249794574232,5512.8564863976535,5530.75537109375,224900,0.0,0
2018-02-05,5262.2719162217345,5423.361872840766,5262.2719162217345,5342.81689453125,185900,0.0,0
2018-02-06,5074.334208673808,5119.081423917845,4904.294790746467,5065.384765625,380900,0.0,0
2018-02-07,5163.828583151372,5190.676912006578,4931.14306640625,4931.14306640625,444800,0.0,0
2018-02-08,5020.6372477936275,5083.2833453596795,4975.890035246447,5038.5361328125,292000,0.0,0
2018-02-09,4814.799581835575,4868.496231447124,4779.001815427876,4823.7490234375,365100,0.0,0
2018-02-12,4823.7490234375,4823.7490234375,4823.7490234375,4823.7490234375,0,0.0,0
2018-02-13,4940.092094809323,4949.041537010064,4725.305481991525,4752.15380859375,288700,0.0,0
2018-02-14,4743.204241071428,4752.153683035714,4617.912053571428,4698.45703125,277600,0.0,0
2018-02-15,4779.002521273816,4850.598064663685,4743.20474957888,4814.80029296875,228000,0.0,0
2018-02-16,4805.850503488509,4823.749388045263,4716.356080704738,4770.052734375,229500,0.0,0
2018-02-19,4841.648255292107,4877.44602427763,4787.951601813821,4868.49658203125,209500,0.0,0
2018-02-20,4859.54736328125,4877.446248597203,4787.951822017438,4859.54736328125,184800,0.0,0
2018-02-21,4868.4969657441015,4949.041952309721,4841.6486368888945,4931.14306640625,322300,0.0,0
2018-02-22,4895.34492627228,4931.142695385788,4725.305522983115,4770.052734375,269400,0.0,0
2018-02-23,4779.001857454367,4868.4962742606285,4752.153532412489,4841.64794921875,222500,0.0,0
2018-02-26,4913.243439456748,4931.142322660598,4787.9512570298,4823.7490234375,160800,0.0,0
2018-02-27,4859.547507587419,4868.496950511153,4787.951964197549,4814.80029296875,172800,0.0,0
2018-02-28,4805.850182496246,4886.3951576218815,4796.900740815619,4841.64794921875,221700,0.0,0
2018-03-01,4787.951907564531,4787.951907564531,4653.710265296367,4680.55859375,165300,0.0,0
2018-03-02,4591.0635615631045,4653.709653046422,4555.265795001209,4626.861328125,140900,0.0,0
2018-03-05,4582.114398422091,4600.013282790927,4483.670534393491,4537.3671875,139400,0.0,0
2018-03-06,4617.9123331310675,4770.052855734223,4600.013448118932,4608.962890625,173500,0.0,0
2018-03-07,4573.165343050827,4644.760886581955,4537.367571285262,4600.013671875,170700,0.0,0
2018-03-08,4626.862147363089,4653.71047703831,4528.418271887279,4555.2666015625,115900,0.0,0
2018-03-09,4653.710369731104,4761.103685955668,4582.114825581395,4617.91259765625,295800,0.0,0
2018-03-12,4698.456808460076,4734.254574619772,4653.709600760456,4707.40625,222400,0.0,0
2018-03-13,4617.912175582627,4761.103250794492,4600.013291181144,4752.15380859375,264800,0.0,0
2018-03-14,4707.406473214285,4725.305357142856,4653.709821428571,4698.45703125,147500,0.0,0
2018-03-15,4644.7607421875,4671.609070177024,4519.4685449030585,4644.7607421875,163700,0.0,0
2018-03-16,4653.710103155339,4689.507873179611,4608.962890625,4608.962890625,132700,0.0,0
2018-03-19,4564.215472230816,4600.01324064047,4492.61993541151,4519.46826171875,109500,0.0,0
2018-03-20,4519.468384983488,4608.9628084485075,4501.569500290484,4573.1650390625,177300,0.0,0
2018-03-21,4573.1650390625,4573.1650390625,4573.1650390625,4573.1650390625,0,0.0,0
2018-03-22,4528.418271887279,4573.165488012647,4492.620498986984,4555.2666015625,171600,0.0,0
2018-03-23,4429.974028879644,4452.3476350861065,4309.156555364744,4336.0048828125,218800,0.0,0
2018-03-26,4313.631306966146,4313.631306966146,4210.712717692058,4295.732421875,337400,0.0,0
2018-03-27,4309.156291910386,4371.802385458409,4295.732129007239,4327.05517578125,442300,0.0,0
2018-03-28,4351.765925716009,4420.405766815631,4333.461968089444,4383.7978515625,268800,107.0,0
2018-03-29,4457.013608034346,4585.141309292007,4457.013608034346,4479.8935546875,347900,0.0,0
2018-03-30,4543.957329159691,4649.205082000248,4543.957329159691,4612.59716796875,259800,0.0,0
2018-04-02,4557.685001119498,4585.140934861182,4470.7412109375,4470.7412109375,213900,0.0,0
2018-04-03,4397.525510801771,4443.285401652986,4338.037652695191,4424.9814453125,290200,0.0,0
2018-04-04,4466.16541060291,4470.7413997531185,4365.493649298336,4402.1015625,339600,0.0,0
2018-04-05,4447.861454002079,4447.861454002079,4379.2216167489605,4402.1015625,202700,0.0,0
2018-04-06,4397.52576028714,4443.285653734457,4365.493834874019,4370.06982421875,201400,0.0,0
2018-04-09,4338.038202633647,4392.950078616352,4328.886223303197,4365.494140625,167300,0.0,0
2018-04-10,4347.190000327912,4379.221926646118,4246.518231899266,4360.91796875,284500,0.0,0
2018-04-11,4397.525755695093,4493.621531834112,4374.645808995327,4406.677734375,234800,0.0,0
2018-04-12,4392.949715307203,4392.949715307203,4306.0059188584155,4319.73388671875,179800,0.0,0
2018-04-13,4365.493584735577,4498.197268129006,4365.493584735577,4461.58935546875,287200,0.0,0
2018-04-16,4484.46923828125,4507.349183374522,4438.709348094707,4484.46923828125,189000,0.0,0
2018-04-17,4420.405707010798,4461.589611113383,4251.094101255727,4370.06982421875,391000,0.0,0
2018-04-18,4388.373821220012,4539.381470959595,4374.645853061868,4530.2294921875,209900,0.0,0
2018-04-19,4548.53333015752,4553.109319423272,4475.317501905487,4502.7734375,183700,0.0,0
2018-04-20,4525.653502801451,4539.381470959595,4461.58965139678,4530.2294921875,118500,0.0,0
2018-04-23,4548.533684583957,4612.597539296407,4530.229726094686,4585.1416015625,133700,0.0,0
2018-04-24,4667.509031295776,4795.636730194092,4621.749138832092,4685.81298828125,192100,0.0,0
2018-04-25,4621.749150390625,4621.749150390625,4571.413268554687,4575.9892578125,131100,0.0,0
2018-04-26,4612.597045173267,4640.052979965965,4585.141110380569,4621.7490234375,178100,0.0,0
2018-04-27,4658.356954911642,4667.508933212058,4374.645627598752,4402.1015625,441400,0.0,0
2018-04-30,4402.1015625,4402.1015625,4402.1015625,4402.1015625,0,0.0,0
2018-05-01,4360.918099234491,4420.405964176829,4182.454504407476,4315.158203125,370100,0.0,0
2018-05-02,4324.309989276161,4434.133735035555,4287.702074023029,4383.7978515625,256200,0.0,0
2018-05-03,4383.7978515625,4383.7978515625,4383.7978515625,4383.7978515625,0,0.0,0
2018-05-04,4383.7978515625,4383.7978515625,4383.7978515625,4383.7978515625,0,0.0,0
2018-05-07,4319.733711915125,4360.91761382957,4132.118158749319,4205.333984375,467500,0.0,0
2018-05-08,4219.062184879193,4388.373790996905,4205.334216815595,4296.85400390625,312900,0.0,0
2018-05-09,4237.366205709649,4360.917920130989,4219.062248017599,4273.97412109375,309900,0.0,0
2018-05-10,4306.0062821047495,4347.190189159949,4237.366437012751,4328.88623046875,225700,0.0,0
2018-05-11,4333.46166361007,4438.709412567864,4278.549794588612,4424.9814453125,213200,0.0,0
2018-05-14,4379.2217351740055,4429.5576171875,4338.03783170842,4429.5576171875,175100,0.0,0
2018-05-15,4424.981387086494,4424.981387086494,4365.4935297626835,4374.6455078125,164200,0.0,0
2018-05-16,4319.73399986952,4420.405766815631,4269.398116396464,4383.7978515625,403400,0.0,0
2018-05-17,4374.645384478519,4493.621095771869,4351.76543999903,4420.4052734375,252500,0.0,0
2018-05-18,4498.197440429688,4649.2050859375,4498.197440429688,4575.9892578125,359300,0.0,0
2018-05-21,4557.68573646044,4603.4456334128545,4479.893911641336,4525.65380859375,200000,0.0,0
2018-05-22,4530.229252540261,4562.2611765481215,4457.01342623658,4475.3173828125,124900,0.0,0
2018-05-23,4434.133546692843,4470.741460391029,4388.37365457011,4415.82958984375,200700,0.0,0
2018-05-24,4360.9176084141045,4365.493597510027,4232.789913728276,4278.5498046875,256800,0.0,0
2018-05-25,4237.366024626541,4306.005863038418,4209.91008926179,4269.39794921875,226000,0.0,0
2018-05-28,4324.309880183294,4324.309880183294,4246.518062232906,4283.1259765625,103300,0.0,0
2018-05-29,4310.581981522549,4310.581981522549,4209.910215499729,4223.63818359375,127400,0.0,0
2018-05-30,4136.694276324917,4150.422244056084,4068.054437669083,4122.96630859375,358000,0.0,0
2018-05-31,4113.81421034829,4136.694155900838,4049.7503628011523,4095.51025390625,280700,0.0,0
2018-06-01,4100.086362375139,4164.150211787251,4068.054437669083,4122.96630859375,190300,0.0,0
2018-06-04,4127.5422347113,4177.878115622413,4086.3583321476613,4145.84619140625,139700,0.0,0
2018-06-05,4177.878044577206,4296.85376107119,4177.878044577206,4278.5498046875,370500,0.0,0
2018-06-06,4406.677622293439,4484.469439094049,4273.973934810043,4306.005859375,495800,0.0,0
2018-06-07,4406.6775486267725,4484.469364126933,4365.493646303157,4438.70947265625,577500,0.0,0
2018-06-08,4392.949654622742,4402.101633069873,4301.429870151435,4306.005859375,309200,0.0,0
2018-06-11,4273.974244735784,4296.854192512742,4241.942317848042,4264.822265625,145600,0.0,0
2018-06-12,4264.8220831095605,4287.702029907358,4191.606253356606,4260.24609375,268200,0.0,0
2018-06-13,4260.2456640625005,4360.917419819079,4260.2456640625005,4347.189453125,305000,0.0,0
2018-06-14,4383.79796907417,4466.16578060166,4379.2219795448655,4411.25390625,371100,0.0,0
2018-06-15,4392.949463912134,4392.949463912134,4319.733639513598,4374.6455078125,249700,0.0,0
2018-06-18,4438.709535905116,4438.709535905116,4379.221676145564,4415.82958984375,258600,0.0,0
2018-06-19,4351.765319824219,4356.34130859375,4196.181701660156,4209.90966796875,369500,0.0,0
2018-06-20,4173.302668347874,4205.334596723351,4086.358862757293,4196.1826171875,203200,0.0,0
2018-06-21,4182.454157516892,4269.397952913851,4136.694265202703,4232.7900390625,171700,0.0,0
2018-06-22,4177.8782269708045,4255.670044997643,4136.694323309537,4246.51806640625,125600,0.0,0
2018-06-25,4246.518504634679,4273.97444324223,4191.606627419575,4196.1826171875,173100,0.0,0
2018-06-26,4154.998709276172,4200.758606955425,4122.966780900695,4196.1826171875,115200,0.0,0
2018-06-27,4159.574518328671,4237.366341003684,4136.694570483079,4191.6064453125,129600,0.0,0
2018-06-28,4127.542421266686,4154.998357550056,4086.35851684163,4113.814453125,204900,0.0,0
2018-06-29,4177.878179518418,4196.182136493307,4090.934383887695,4122.96630859375,228600,0.0,0
2018-07-02,4136.694353856078,4173.302268491972,3971.958737994553,3990.2626953125,284400,0.0,0
2018-07-03,3971.9586241675206,4003.9905485559684,3875.8628510021776,3907.894775390625,228800,0.0,0
2018-07-04,3871.2870476913004,3976.534804307021,3857.559079437076,3875.863037109375,126700,0.0,0
2018-07-05,3939.926770063284,3939.926770063284,3807.223080943847,3830.10302734375,156300,0.0,0
2018-07-06,3871.2869207856256,3935.350770538579,3862.134942249489,3921.622802734375,199300,0.0,0
2018-07-09,3944.502683855369,3971.958619009815,3912.470759508516,3962.806640625,91700,0.0,0
2018-07-10,3994.8386868947114,4017.7186335550473,3962.8067615702403,3971.958740234375,95100,0.0,0
2018-07-11,3917.046819526627,3921.622808801775,3788.9191198224853,3866.7109375,211400,0.0,0
2018-07-12,3843.8308778857836,3857.558845306804,3752.311095078979,3766.0390625,299800,0.0,0
2018-07-13,3752.3110921517746,3820.9509292033317,3656.2153202795953,3802.64697265625,559400,0.0,0
2018-07-16,3802.6469726562495,3802.6469726562495,3802.6469726562495,3802.64697265625,0,0.0,0
2018-07-17,3825.526969820331,3944.5026889774226,3820.950980621981,3907.894775390625,218100,0.0,0
2018-07-18,3971.9586276872783,3971.9586276872783,3857.558897627161,3871.286865234375,118900,0.0,0
2018-07-19,3889.5909458540063,3898.7429245501335,3852.983031069498,3862.135009765625,132500,0.0,0
2018-07-20,3820.9512336419925,3839.255191647463,3766.039359625581,3816.375244140625,151600,0.0,0
2018-07-23,3816.3750678003194,3834.679024960033,3734.0072605816076,3756.88720703125,213500,0.0,0
2018-07-24,3820.950927734375,3852.9828516794532,3788.9190037892963,3820.950927734375,177200,0.0,0
2018-07-25,3816.37523834156,3852.9831542968745,3793.495290869488,3852.983154296875,117500,0.0,0
2018-07-26,3857.558835021757,3912.4707045594337,3857.558835021757,3894.166748046875,123400,0.0,0
2018-07-27,3875.8626776220167,3953.654490514076,3647.063227939489,3738.5830078125,459500,0.0,0
2018-07-30,3642.487174862132,3894.166565085018,3615.031241383272,3889.590576171875,911100,0.0,0
2018-07-31,3825.5267986918607,3871.286688628366,3633.335260958537,3738.5830078125,658900,0.0,0
2018-08-01,3701.9753460640018,3706.551335366924,3601.303581399715,3665.367431640625,361600,0.0,0
2018-08-02,3624.1834707572416,3651.6394061417664,3592.151546141963,3633.33544921875,325800,0.0,0
2018-08-03,3633.335387799725,3674.5192901803266,3596.727474572524,3637.911376953125,231200,0.0,0
2018-08-06,3610.4553823760066,3660.791262231692,3596.7274151426377,3624.183349609375,118100,0.0,0
2018-08-07,3615.0316125304253,3651.6395275940245,3582.999686849776,3642.487548828125,107000,0.0,0
2018-08-08,3596.7276598935205,3633.3355750069404,3578.42370233681,3605.879638671875,196600,0.0,0
2018-08-09,3596.7274151426377,3642.487305920534,3564.69549159811,3624.183349609375,175800,0.0,0
2018-08-10,3624.183290207007,3642.487246218153,3573.847411176354,3592.1513671875,170500,0.0,0
2018-08-13,3560.1196425781254,3564.6956318359375,3404.5360078125004,3431.991943359375,249300,0.0,0
2018-08-14,3445.7199640012254,3518.9357932495914,3445.7199640012254,3500.6318359375,201300,0.0,0
2018-08-15,3505.2075234796157,3514.359501347709,3367.9278554582206,3395.3837890625,225000,0.0,0
2018-08-16,3345.0482120076335,3413.6880521993085,3313.016286584852,3390.80810546875,270500,0.0,0
2018-08-17,3454.8718838428886,3518.935733344611,3436.5679268423964,3486.90380859375,278900,0.0,0
2018-08-20,3505.2079518435025,3555.5438362694535,3454.8720674175515,3473.176025390625,245400,0.0,0
2018-08-21,3509.7838790090464,3555.543773129112,3468.599974300987,3477.751953125,271000,0.0,0
2018-08-22,3541.8158534078143,3615.031685002808,3541.8158534078143,3564.69580078125,349300,0.0,0
2018-08-23,3550.9677734375,3596.7276674250966,3537.239805241221,3550.9677734375,246900,0.0,0
2018-08-24,3615.0316174502304,3628.7595856177627,3578.42370233681,3605.879638671875,202800,0.0,0
2018-08-27,3619.6075386114035,3688.2473781552353,3605.879570702637,3665.367431640625,155300,0.0,0
2018-08-28,3715.7031910004694,3738.5831367578617,3647.0633537282934,3656.21533203125,149600,0.0,0
2018-08-29,3660.79143603936,3743.1592433502456,3660.79143603936,3720.279296875,188600,0.0,0
2018-08-30,3784.343082642497,3784.343082642497,3720.2792336013904,3743.1591796875,435900,0.0,0
2018-08-31,3761.4630718853914,3830.1029089635917,3738.583126192658,3784.343017578125,293900,0.0,0
2018-09-03,3770.615241590979,3788.9191990744307,3692.823422286311,3715.703369140625,269400,0.0,0
2018-09-04,3729.431334850835,3775.1912285299863,3711.1273773791745,3734.00732421875,221900,0.0,0
2018-09-05,3743.1592476222827,3743.1592476222827,3647.0634723165763,3683.67138671875,155200,0.0,0
2018-09-06,3665.3672488403317,3688.2471942138673,3633.3353253173827,3660.791259765625,152100,0.0,0
2018-09-07,3610.4555067688457,3619.607485239743,3555.543635943464,3596.7275390625,165000,0.0,0
2018-09-10,3573.8475910428206,3628.7594618398934,3560.1196233435526,3615.031494140625,180000,0.0,0
2018-09-11,3605.8795156744463,3637.911440306072,3564.695612576642,3615.031494140625,155200,0.0,0
2018-09-12,3610.455695528121,3642.4876218509307,3532.66387445844,3564.69580078125,167400,0.0,0
2018-09-13,3601.3035320684044,3610.455510548883,3537.239682705053,3560.11962890625,161600,0.0,0
2018-09-14,3573.847708083876,3660.7915063599244,3573.847708083876,3642.487548828125,174400,0.0,0
2018-09-17,3642.4875488281245,3642.4875488281245,3642.4875488281245,3642.487548828125,0,0.0,0
2018-09-18,3674.5195258313424,3747.7353569811576,3628.759631362708,3711.12744140625,183400,0.0,0
2018-09-19,3793.4952966337864,3839.255191647463,3770.6153491269483,3816.375244140625,223800,0.0,0
2018-09-20,3811.7990090454396,3839.254944284662,3756.8871385669936,3834.678955078125,261700,0.0,0
2018-09-21,3885.014947367823,3958.2307767646253,3857.559011344022,3935.350830078125,276300,0.0,0
2018-09-24,3935.3508300781245,3935.3508300781245,3935.3508300781245,3935.350830078125,0,0.0,0
2018-09-25,3944.5028580284766,4022.2946777343745,3944.5028580284766,4022.294677734375,355300,0.0,0
2018-09-26,4026.870904382751,4068.0548113593927,4013.142935390537,4058.90283203125,226100,0.0,0
2018-09-27,4040.598700132741,4077.206615875733,3976.5348475825053,3999.414794921875,247000,0.0,0
2018-09-28,4031.446592581218,4090.9344537657307,4017.718624615561,4045.174560546875,160300,0.0,0
2018-10-01,4058.9024648591285,4086.3584003598667,4017.7185616080214,4068.054443359375,151100,0.0,0
2018-10-02,4090.9342689384553,4109.23822539903,4031.4464104415874,4040.598388671875,159300,0.0,0
2018-10-03,4049.7501227678567,4072.6300669642856,4003.9902343749995,4003.990234375,184700,0.0,0
2018-10-04,4017.718384346461,4058.902285780536,3990.2624500570773,4008.56640625,206000,0.0,0
2018-10-05,3981.110649496822,4063.478456038136,3976.534660244527,4049.75048828125,172000,0.0,0
2018-10-08,4049.75048828125,4049.75048828125,4049.75048828125,4049.75048828125,0,0.0,0
2018-10-09,4022.2941897321425,4063.478089285714,3990.2622678571424,4003.990234375,342000,0.0,0
2018-10-10,3985.6865234375,4081.782294955511,3976.5345451976896,3985.6865234375,284500,0.0,0
2018-10-11,3820.9512278359744,3898.743049241018,3784.3433118806597,3852.983154296875,303700,0.0,0
2018-10-12,3825.527094981117,3889.5909458540063,3816.37511628499,3862.135009765625,202400,0.0,0
2018-10-15,3843.8309370293678,3848.4069262401167,3775.191098868129,3798.071044921875,222400,0.0,0
2018-10-16,3798.071098372781,3880.4389053254436,3798.071098372781,3866.7109375,206200,0.0,0
2018-10-17,3930.7750166880933,3985.6868911936313,3903.319079435324,3976.534912109375,236100,0.0,0
2018-10-18,3999.4143695809244,4031.4462924494214,3958.2304687499995,3958.23046875,221800,0.0,0
2018-10-19,3898.742919921875,3935.3508346629255,3866.710994523456,3898.742919921875,197400,0.0,0
2018-10-22,3862.1348227339186,3930.774659630848,3825.5269097222226,3912.470703125,139500,0.0,0
2018-10-23,3898.7428075583584,3898.7428075583584,3788.9190665003766,3798.071044921875,160200,0.0,0
2018-10-24,3857.559155628121,3866.7111346450324,3752.311396933641,3779.767333984375,175500,0.0,0
2018-10-25,3660.791262231692,3679.0952185428505,3596.7274151426377,3624.183349609375,228600,0.0,0
2018-10-26,3711.127198778269,3816.3749491751864,3679.095274744424,3692.8232421875,365400,0.0,0
2018-10-29,3720.279109346694,3820.9508687632097,3701.975153089146,3788.9189453125,271200,0.0,0
2018-10-30,3756.8870769966825,3907.8947183375963,3752.3110878651396,3857.558837890625,618400,0.0,0
2018-10-31,3921.6228553701976,4003.9906633009605,3889.59093006379,3990.2626953125,236200,0.0,0
2018-11-01,3949.078668059955,4036.022462605887,3944.502678873327,4017.718505859375,176800,0.0,0
2018-11-02,3994.8389158506648,4072.630738954286,3994.8389158506648,4063.478759765625,210000,0.0,0
2018-11-05,3999.414730762052,4063.478582284556,3981.1107731841935,4022.294677734375,147800,0.0,0
2018-11-06,4022.2946777343745,4031.446656523304,3994.8387413675873,4022.294677734375,173200,0.0,0
2018-11-07,4040.598450122237,4095.5103203390736,4003.9905366443454,4036.0224609375,180900,0.0,0
2018-11-08,4113.814453125,4145.846378788932,4100.086484983315,4113.814453125,194200,0.0,0
2018-11-09,4113.814024403331,4177.877869054773,4100.086057692307,4164.14990234375,222300,0.0,0
2018-11-12,4118.3901940690175,4173.302063323272,4095.510248546412,4168.72607421875,139900,0.0,0
2018-11-13,4045.174863039036,4095.510749343821,3967.383038749824,4058.90283203125,201800,0.0,0
2018-11-14,4058.902160233058,4159.573916180214,4054.326171326369,4072.630126953125,188200,0.0,0
2018-11-15,4026.8704825680275,4063.4783960459185,4022.294493383291,4036.0224609375,167400,0.0,0
2018-11-16,3990.2626337879437,4013.1425800825996,3971.958676752219,3994.838623046875,233200,0.0,0
2018-11-19,3994.8385701592692,4013.142526952668,3871.286861803828,3907.894775390625,276700,0.0,0
2018-11-20,3898.7428624260356,3907.894840976331,3848.406980399408,3866.7109375,133100,0.0,0
2018-11-21,3756.887204959754,3793.495119258996,3692.8233549360793,3775.191162109375,196600,0.0,0
2018-11-22,3811.7991338876573,3843.8310593825117,3770.615229679988,3807.22314453125,117200,0.0,0
2018-11-23,3807.2231445312495,3807.2231445312495,3807.2231445312495,3807.22314453125,0,0.0,0
2018-11-26,3752.3112156723487,3793.495119258996,3743.1592370975377,3775.191162109375,150200,0.0,0
2018-11-27,3802.6469741323117,3839.2548872406855,3775.1910393010317,3784.343017578125,181700,0.0,0
2018-11-28,3839.254888745443,3852.982856166464,3756.887084219319,3766.0390625,201900,0.0,0
2018-11-29,3843.8309300199467,3967.3826384848735,3839.2549408175423,3871.286865234375,259400,0.0,0
2018-11-30,3875.8628615046123,3894.1668183476095,3798.071044921875,3798.071044921875,138400,0.0,0
2018-12-03,3871.2869816004672,3926.1988536799063,3839.2550562207944,3917.046875,134800,0.0,0
2018-12-04,3885.014783239072,3898.7427506710123,3729.43115234375,3729.43115234375,123700,0.0,0
2018-12-05,3679.095458984375,3734.00733150653,3660.79150147699,3679.095458984375,162100,0.0,0
2018-12-06,3656.21558172754,3692.8234974394554,3596.7277186956776,3619.607666015625,132500,0.0,0
2018-12-07,3642.487491583492,3642.487491583492,3578.4236412290084,3610.45556640625,120300,0.0,0
2018-12-10,3582.9995732222064,3592.1515516978698,3537.23968084389,3578.423583984375,122000,0.0,0
2018-12-11,3550.9677208237517,3564.6956888166274,3454.8719448736247,3482.327880859375,148300,0.0,0
2018-12-12,3518.9358526865644,3550.967778523763,3505.207884470622,3514.35986328125,118300,0.0,0
2018-12-13,3550.967897084948,3573.847844875444,3523.511959736353,3541.81591796875,79000,0.0,0
2018-12-14,3578.4237867342717,3587.575765728477,3450.2960808153975,3454.8720703125,151700,0.0,0
2018-12-17,3459.4480086043072,3468.599987463049,3381.656188305004,3386.232177734375,152400,0.0,0
2018-12-18,3299.2882685357513,3335.89618274974,3248.9523864915163,3303.8642578125,208600,0.0,0
2018-12-19,3267.2563456160774,3317.5922276913952,3239.800409938631,3285.560302734375,145500,0.0,0
2018-12-20,3248.952398874015,3331.320206169413,3175.736570166995,3194.04052734375,258300,0.0,0
2018-12-21,3198.6164622271917,3244.3763543906707,3061.3367857367543,3125.400634765625,339200,0.0,0
2018-12-24,3125.400634765625,3125.400634765625,3125.400634765625,3125.400634765625,0,0.0,0
2018-12-25,2997.2730130709133,3052.1848850661054,2960.6650984074518,2974.39306640625,158400,0.0,0
2018-12-26,2965.240903253424,3038.456728025114,2965.240903253424,3006.4248046875,175600,0.0,0
2018-12-27,3162.008730156477,3171.160709114962,3111.672845884811,3148.28076171875,140500,0.0,0
2018-12-28,3166.5845306352826,3221.496401108727,3143.704584604681,3198.616455078125,160400,0.0,0
2018-12-31,3198.616455078125,3198.616455078125,3198.616455078125,3198.616455078125,0,0.0,0
2019-01-04,3102.5207435102216,3198.6165187516885,3075.064807726945,3175.736572265625,181400,0.0,0
2019-01-07,3258.1043711487673,3322.168221143266,3244.376403292804,3248.952392578125,165300,0.0,0
2019-01-08,3262.680356336503,3326.744206250544,3253.5283777773543,3285.560302734375,107100,0.0,0
2019-01-09,3317.5922276913952,3335.8961848096924,3276.408324175226,3285.560302734375,139400,0.0,0
2019-01-10,3244.3762834722347,3258.1042508212004,3203.1923814253378,3221.496337890625,121900,0.0,0
2019-01-11,3285.5603007055056,3335.89618274974,3262.6803543217625,3303.8642578125,153000,0.0,0
2019-01-15,3271.832212660048,3308.4401255289717,3221.496332465278,3294.712158203125,135200,0.0,0
2019-01-16,3340.4724154721935,3354.200384302901,3294.712519369835,3322.16845703125,122200,0.0,0
2019-01-17,3386.2320000859695,3399.9599676538855,3308.4401838677786,3326.744140625,112500,0.0,0
2019-01-18,3354.2000085974255,3418.2638559649067,3340.4720413043933,3404.535888671875,68000,0.0,0
2019-01-21,3468.599795324983,3468.599795324983,3427.4158927419685,3436.56787109375,64900,0.0,0
2019-01-22,3459.447757844002,3459.447757844002,3390.8079213788433,3404.535888671875,67400,0.0,0
2019-01-23,3358.7759391960653,3395.3838513398914,3326.744016070217,3372.50390625,79200,0.0,0
2019-01-24,3358.775877590128,3409.1117558646392,3358.775877590128,3395.3837890625,99600,0.0,0
2019-01-25,3395.384206850166,3509.783944277732,3395.384206850166,3454.8720703125,210600,0.0,0
2019-01-28,3486.9038701903337,3509.783816845126,3431.9919982188326,3482.327880859375,136300,0.0,0
2019-01-29,3464.0237429987187,3464.0237429987187,3409.111873889096,3459.44775390625,124100,0.0,0
2019-01-30,3427.416020237644,3441.1439882759787,3390.80810546875,3390.80810546875,151300,0.0,0
2019-01-31,3431.9919375922736,3500.631776344119,3431.9919375922736,3486.90380859375,210800,0.0,0
2019-02-01,3509.78363524092,3509.78363524092,3422.8398424513794,3441.143798828125,136100,0.0,0
2019-02-04,3454.8718857576478,3491.479799778921,3450.295896504989,3468.599853515625,133700,0.0,0
2019-02-05,3464.0239848889805,3509.7838790090464,3450.2960166529606,3477.751953125,79400,0.0,0
2019-02-06,3477.7517688196262,3500.631714667124,3450.295833802629,3491.479736328125,114400,0.0,0
2019-02-07,3482.3278232240546,3496.055790989721,3436.5679306718334,3450.2958984375,69000,0.0,0
2019-02-08,3390.8080499518405,3409.112007036601,3331.32018942637,3340.47216796875,102800,0.0,0
2019-02-12,3322.168024162425,3436.567749512371,3308.4400571204314,3427.415771484375,152600,0.0,0
2019-02-13,3477.751830093504,3500.631776344119,3431.9919375922736,3486.90380859375,100600,0.0,0
2019-02-14,3486.9039319490134,3500.6319001850334,3454.8720060649675,3477.751953125,60900,0.0,0
2019-02-15,3445.719970703125,3445.719970703125,3395.3840879969703,3445.719970703125,85200,0.0,0
2019-02-18,3541.8156719452923,3564.6956181464893,3496.055779542898,3560.11962890625,99400,0.0,0
2019-02-19,3564.695495292468,3601.3034079527247,3546.39153896234,3569.271484375,105000,0.0,0
2019-02-20,3605.8795156744463,3633.335451072983,3592.1515479751783,3615.031494140625,120200,0.0,0
2019-02-21,3592.151432333833,3592.151432333833,3532.66357421875,3532.66357421875,110000,0.0,0
2019-02-22,3528.087884983753,3578.423769205311,3509.783927085005,3564.69580078125,109100,0.0,0
2019-02-25,3624.183290207007,3628.7592792097935,3569.2714221735673,3592.1513671875,56800,0.0,0
2019-02-26,3601.3035282979486,3610.4555067688457,3555.543635943464,3596.7275390625,78800,0.0,0
2019-02-27,3596.7275390625005,3610.4555067688457,3569.2716036498095,3596.7275390625,81300,0.0,0
2019-02-28,3596.7274188701927,3601.3034079527247,3560.119506209936,3569.271484375,99300,0.0,0
2019-03-01,3587.57568359375,3605.879641163106,3573.847715416733,3587.57568359375,69200,0.0,0
2019-03-04,3633.335386273858,3656.21533203125,3601.303462213509,3656.21533203125,97500,0.0,0
2019-03-05,3605.8793341958603,3610.455323198647,3578.4234001791406,3592.1513671875,80400,0.0,0
2019-03-06,3560.119506209936,3587.575440705128,3537.2395607972758,3569.271484375,128400,0.0,0
2019-03-07,3564.6956181464893,3573.847596626968,3523.5117149843345,3560.11962890625,120400,0.0,0
2019-03-08,3496.05579296875,3505.2077714843754,3395.3840292968753,3431.991943359375,206000,0.0,0
2019-03-11,3441.1438602696403,3459.447816973202,3399.959957686626,3436.56787109375,55800,0.0,0
2019-03-12,3450.295955542666,3505.2078275141675,3450.295955542666,3482.327880859375,74900,0.0,0
2019-03-13,3473.175721183656,3500.6316557384675,3445.7197866288448,3459.44775390625,170100,0.0,0
2019-03-14,3500.6317099294356,3560.1195690524196,3496.055720766129,3546.3916015625,81500,0.0,0
2019-03-15,3523.511587524414,3683.67120513916,3523.511587524414,3660.791259765625,428800,0.0,0
2019-03-18,3669.943475431997,3738.5833159949393,3656.2155073194085,3715.703369140625,101300,0.0,0
2019-03-19,3729.431269235322,3788.919129971591,3688.247365648674,3775.191162109375,76300,0.0,0
2019-03-20,3734.00732421875,3743.15930295458,3706.5513880112594,3734.00732421875,108600,0.0,0
2019-03-22,3738.583372682005,3752.3113410027468,3706.551446600274,3747.7353515625,112200,0.0,0
2019-03-25,3701.9752251007276,3701.9752251007276,3610.4554420327245,3637.911376953125,99200,0.0,0
2019-03-26,3683.6715047250696,3724.8554097468405,3660.791557490752,3711.12744140625,125700,0.0,0
2019-03-27,3750.657252709566,3793.0109732545925,3736.539345861224,3778.89306640625,87200,112.0,0
2019-03-28,3689.4797105960797,3703.597617651932,3651.83195844714,3661.243896484375,140400,0.0,0
2019-03-29,3713.00961969479,3741.2454342932297,3656.5379904979113,3731.83349609375,111500,0.0,0
2019-04-01,3811.8349137807536,3868.3065421330607,3807.1289447513946,3849.482666015625,71800,0.0,0
2019-04-02,3849.4827999768804,3877.7186151356354,3811.8350464318746,3816.541015625,62200,0.0,0
2019-04-03,3830.6588997395834,3896.5424680397728,3821.2469614109846,3882.424560546875,71600,0.0,0
2019-04-04,3905.9543457031245,3943.6020984327934,3887.1304693382904,3905.954345703125,56900,0.0,0
2019-04-05,3882.424342847473,3910.66015625,3873.0124050466306,3910.66015625,71800,0.0,0
2019-04-08,3920.072053858253,3929.483991562595,3858.8944587800333,3868.306396484375,41500,0.0,0
2019-04-09,3887.1305535218867,3887.1305535218867,3811.8350464318746,3816.541015625,45300,0.0,0
2019-04-10,3807.129016951019,3844.7767698998546,3797.7170787138098,3840.07080078125,40700,0.0,0
2019-04-11,3821.2468131953033,3840.0706891223736,3797.716968286465,3807.12890625,46900,0.0,0
2019-04-12,3840.070775462963,3844.77674455054,3788.305115499614,3811.8349609375,86000,0.0,0
2019-04-15,3943.6020762366707,3971.837890625,3910.6602927836198,3971.837890625,131000,0.0,0
2019-04-16,3976.5439328445104,4018.897655206168,3953.014087088034,3962.426025390625,97000,0.0,0
2019-04-17,4000.0738047235022,4113.0170650921655,3995.3678355414745,4084.78125,143700,0.0,0
2019-04-18,4080.075143914474,4089.48708196272,4000.0736705043864,4023.603515625,70000,0.0,0
2019-04-19,4084.7809792361513,4113.016792456678,4056.545166015625,4056.545166015625,74600,0.0,0
2019-04-22,4065.9573233060746,4070.663292430271,4018.897632064106,4028.3095703125,74100,0.0,0
2019-04-23,4070.6634769594766,4094.1933236471036,4051.8395996093745,4051.839599609375,86700,0.0,0
2019-04-24,4070.663320875485,4273.019994629989,4004.7797526763443,4244.7841796875,481400,0.0,0
2019-04-25,4028.309398785129,4056.545212328015,3891.836299994511,4018.8974609375,299100,0.0,0
2019-04-26,3948.307933957773,3962.425840753808,3844.776617453517,3938.89599609375,218300,0.0,0
2019-05-07,3967.131891749599,3967.131891749599,3835.3647589275483,3849.482666015625,175900,0.0,0
2019-05-08,3783.5992675781245,3863.600744628906,3750.657482910156,3858.894775390625,120200,0.0,0
2019-05-09,3797.717138852497,3821.246984818126,3741.245508534988,3816.541015625,153700,0.0,0
2019-05-10,3774.1872682938665,3858.8947132181675,3760.0693608064826,3788.30517578125,107100,0.0,0
2019-05-13,3727.1276245883,3788.3052244868454,3694.185840027545,3750.657470703125,78300,0.0,0
2019-05-14,3604.772222387882,3717.715477397424,3571.8304396767653,3698.8916015625,226300,0.0,0
2019-05-15,3717.7154509715547,3736.5393266726765,3665.9497927934694,3670.65576171875,163300,0.0,0
2019-05-16,3656.5379229623595,3656.5379229623595,3562.418542705928,3567.12451171875,159400,0.0,0
2019-05-17,3600.066320609048,3604.7722896555956,3529.4767849108316,3595.3603515625,186700,0.0,0
2019-05-20,3590.654309942579,3633.0080305054666,3585.9483409911472,3604.772216796875,56200,0.0,0
2019-05-21,3595.3603175403223,3661.243883568548,3585.94837953629,3647.1259765625,82800,0.0,0
2019-05-22,3684.773877323503,3745.9514768192953,3665.950000555567,3722.421630859375,128200,0.0,0
2019-05-23,3675.3617905745964,3680.0677595766124,3642.4200075604836,3647.1259765625,86300,0.0,0
2019-05-24,3623.5961696079803,3698.891674431003,3609.4782624536633,3689.479736328125,108600,0.0,0
2019-05-27,3703.5974845740443,3731.833297671178,3694.185546875,3694.185546875,53900,0.0,0
2019-05-28,3694.1858034085503,3717.715649290133,3689.4798342322338,3708.3037109375,70100,0.0,0
2019-05-29,3642.4200075604836,3656.537914566532,3614.1841935483867,3647.1259765625,114200,0.0,0
2019-05-30,3642.420045813736,3703.597643482442,3642.420045813736,3689.479736328125,68700,0.0,0
2019-05-31,3670.655907699743,3680.0678459246137,3633.008154800258,3651.83203125,125700,0.0,0
2019-06-03,3600.0662082284102,3628.30202162628,3538.8886125330255,3562.41845703125,99200,0.0,0
2019-06-04,3562.4183533507507,3633.0078847909904,3553.0064158253854,3623.595947265625,58600,0.0,0
2019-06-05,3684.7737544764323,3722.421506757162,3651.8319712307934,3675.36181640625,68300,0.0,0
2019-06-06,3656.5378417968745,3680.067686338682,3642.4199350717904,3656.537841796875,68400,0.0,0
2019-06-07,3684.773815037049,3684.773815037049,3637.7141239126936,3651.83203125,47900,0.0,0
2019-06-10,3680.067858557646,3694.1857659434168,3656.5380129146943,3665.949951171875,60900,0.0,0
2019-06-11,3651.8320808217004,3727.1275876427667,3642.4201424690673,3708.3037109375,81500,0.0,0
2019-06-12,3708.3035131209936,3713.009482046274,3670.65576171875,3670.65576171875,51900,0.0,0
2019-06-13,3665.949799823886,3680.067706626802,3567.124452203473,3590.654296875,105400,0.0,0
2019-06-14,3656.5379274657575,3684.7737415774623,3609.478237279583,3661.243896484375,124000,0.0,0
2019-06-17,3637.714159517974,3637.714159517974,3590.654467933007,3600.06640625,101900,0.0,0
2019-06-18,3618.890209610801,3633.00811680044,3595.360364294736,3609.478271484375,81100,0.0,0
2019-06-19,3656.5377960788214,3731.833297671178,3647.1258583797767,3694.185546875,89200,0.0,0
2019-06-20,3698.8917123955703,3745.9514033929695,3680.067835996611,3731.83349609375,195800,0.0,0
2019-06-21,3731.8334103979246,3778.89310031467,3698.8916274562025,3727.12744140625,183300,0.0,0
2019-06-24,3722.42155789427,3750.6573724927093,3717.71558879453,3731.83349609375,51500,0.0,0
2019-06-25,3708.303685961477,3731.833531684583,3651.8320562260233,3680.06787109375,159400,0.0,0
2019-06-26,3647.1259170923477,3680.0676995693107,3633.0080103165064,3670.65576171875,110300,0.0,0
2019-06-27,3731.8333973854365,3750.657273286498,3708.3035525091095,3713.009521484375,91100,0.0,0
2019-06-28,3708.3035525091095,3727.127428410171,3689.479676608048,3713.009521484375,83800,0.0,0
2019-07-01,3783.59904839679,3811.834862190796,3755.363234602784,3793.010986328125,131100,0.0,0
2019-07-02,3816.540849232415,3905.954260003581,3816.540849232415,3901.248291015625,110800,0.0,0
2019-07-03,3891.8364002074454,3905.954307342418,3858.8946168925095,3863.6005859375,129900,0.0,0
2019-07-04,3882.424389084808,3891.836326997741,3854.188575346009,3873.012451171875,76900,0.0,0
2019-07-05,3873.012524027482,3882.424462117464,3840.070740712546,3863.6005859375,78500,0.0,0
2019-07-08,3854.1886478475185,3873.012524027482,3830.658802622564,3863.6005859375,74100,0.0,0
2019-07-09,3896.5423604377984,3971.8378649873207,3887.1304223691077,3943.60205078125,150800,0.0,0
2019-07-10,3920.072094050842,3943.6019385529485,3901.248218449158,3910.66015625,71900,0.0,0
2019-07-11,3910.660327412215,3924.7782347313923,3891.8364509866446,3920.072265625,80000,0.0,0
2019-07-12,3953.0139234318044,3962.4258613447373,3863.600513258942,3873.012451171875,60400,0.0,0
2019-07-16,3896.5423692524364,3901.2483382974274,3858.8946168925095,3863.6005859375,71400,0.0,0
2019-07-17,3849.4828369140623,3887.130590820312,3821.2470214843747,3858.894775390625,100200,0.0,0
2019-07-18,3821.2468131953033,3858.894565049444,3788.3050303229297,3807.12890625,124900,0.0,0
2019-07-19,3825.953014752478,3891.836584502213,3797.7171991454484,3887.130615234375,84600,0.0,0
2019-07-22,3854.1886827256944,3868.306589988426,3807.128991849923,3811.8349609375,71700,0.0,0
2019-07-23,3840.07066847661,3887.130358041274,3821.2467926507443,3873.012451171875,62500,0.0,0
2019-07-24,4047.133441999847,4084.7811949486827,3670.655912511489,3840.07080078125,499900,0.0,0
2019-07-25,3896.542236328125,4023.6033962083898,3854.1885163680367,3896.542236328125,223400,0.0,0
2019-07-26,3858.8946168925095,3882.424462117464,3778.8931431276646,3863.6005859375,119500,0.0,0
2019-07-29,3858.8946259911377,3868.3065641033113,3778.8931520376627,3783.59912109375,82700,0.0,0
2019-07-30,3849.4828610916693,3924.7783693770807,3849.4828610916693,3887.130615234375,118600,0.0,0
2019-07-31,3811.834973549931,3840.070788168819,3769.4812516215984,3825.952880859375,387500,0.0,0
2019-08-01,3877.7184460758444,3943.60201190723,3873.0124770878883,3901.248291015625,119100,0.0,0
2019-08-02,3783.599230355168,3802.423107123104,3708.303723283423,3722.421630859375,145800,0.0,0
2019-08-05,3750.657173069267,3774.1870173168786,3637.7139206807324,3694.185546875,124600,0.0,0
2019-08-06,3567.1246356480015,3717.715649290133,3553.0067281190513,3708.3037109375,159900,0.0,0
2019-08-07,3745.9514768192953,3755.3634152032637,3708.303723283423,3722.421630859375,150800,0.0,0
2019-08-08,3698.8916355846773,3713.0095425907257,3642.4200075604836,3647.1259765625,120600,0.0,0
2019-08-09,3637.7141720453897,3642.420141220093,3604.772387822469,3614.184326171875,77700,0.0,0
2019-08-13,3557.7125081489735,3562.4184770750962,3449.4752228481448,3496.534912109375,131200,0.0,0
2019-08-14,3534.1826898755635,3538.8886588367827,3487.123000263372,3524.770751953125,102300,0.0,0
2019-08-15,3435.3575926400276,3458.8874391649592,3411.827746115096,3444.76953125,94600,0.0,0
2019-08-16,3430.651405892721,3477.7110959598363,3397.70962284574,3473.005126953125,61100,0.0,0
2019-08-19,3463.593274272666,3491.8290890085846,3444.7693977820536,3477.711181640625,49300,0.0,0
2019-08-20,3482.4170906313007,3501.2409667968755,3473.0051525485133,3501.240966796875,35000,0.0,0
2019-08-21,3435.3573876096493,3505.9469229714914,3425.9454495614036,3487.123046875,65100,0.0,0
2019-08-22,3496.5349977554815,3529.476781045237,3491.829028714088,3501.240966796875,74600,0.0,0
2019-08-23,3510.653076171875,3520.065014713891,3496.5351683588515,3510.653076171875,35200,0.0,0
2019-08-26,3411.827589089679,3491.8290635924714,3407.121620001279,3449.475341796875,107300,0.0,0
2019-08-27,3482.416965578168,3482.416965578168,3425.945339109333,3454.18115234375,106500,0.0,0
2019-08-28,3473.005108855988,3473.005108855988,3341.237977354677,3364.767822265625,106800,0.0,0
2019-08-29,3350.6498562282986,3411.8274519178603,3317.7080739339194,3388.297607421875,120500,0.0,0
2019-08-30,3454.181276382939,3515.3588739210563,3444.7693383001515,3501.240966796875,73400,0.0,0
2019-09-02,3487.122994630916,3538.8886531207136,3425.9453982338823,3430.6513671875,65300,0.0,0
2019-09-03,3440.0635131835934,3501.2411132812495,3435.357543945312,3482.417236328125,41900,0.0,0
2019-09-04,3468.2991450095665,3491.8289899553574,3454.181238042092,3458.88720703125,42600,0.0,0
2019-09-05,3520.0647628604197,3628.3020483494433,3515.3587939261142,3590.654296875,151500,0.0,0
2019-09-06,3637.7140256259104,3665.9498395376254,3614.1841806994817,3633.008056640625,110500,0.0,0
2019-09-09,3661.2440795118937,3698.8918335428643,3623.596325480923,3684.77392578125,71600,0.0,0
2019-09-10,3727.1274924207087,3797.71702826201,3722.421523364622,3783.59912109375,104000,0.0,0
2019-09-11,3821.2467727934586,3953.0139028897847,3821.2467727934586,3938.89599609375,169600,0.0,0
2019-09-12,3967.1317232122833,3985.9555985300162,3891.8362219413502,3934.18994140625,118400,0.0,0
2019-09-13,3967.1317232122833,3967.1317232122833,3840.0705648175835,3934.18994140625,146700,0.0,0
2019-09-17,3915.3660660885166,3934.18994140625,3844.776533647017,3934.18994140625,101400,0.0,0
2019-09-18,3905.9541740970335,3934.189987403759,3877.718360790308,3896.542236328125,99200,0.0,0
2019-09-19,3891.8362407452287,3920.072053858253,3858.8944587800333,3868.306396484375,126800,0.0,0
2019-09-20,3863.600707556258,3863.600707556258,3802.423108045623,3816.541015625,83300,0.0,0
2019-09-24,3816.5407846811654,3868.3064426731416,3797.716909047719,3830.65869140625,60100,0.0,0
2019-09-25,3793.0110376633174,3854.188635044984,3750.657316399087,3849.482666015625,123800,0.0,0
2019-09-26,3915.3661514336914,3985.9556854138664,3915.3661514336914,3938.89599609375,100200,0.0,0
2019-09-27,3896.542553770051,3920.0724001092426,3854.1888303595074,3887.130615234375,71500,0.0,0
2019-09-30,3863.6006463742724,3915.366306678922,3802.4230478324143,3840.07080078125,108300,0.0,0
2019-10-01,3849.482666015625,3905.9542943679326,3830.6587898981893,3849.482666015625,65300,0.0,0
2019-10-02,3816.5410762168017,3891.836584502213,3816.5410762168017,3887.130615234375,72400,0.0,0
2019-10-03,3793.0112545220136,3835.364978207743,3788.305285223599,3821.2470703125,71200,0.0,0
2019-10-04,3783.599194153289,3802.423070741116,3750.657410124591,3774.187255859375,83700,0.0,0
2019-10-07,3788.3050303229297,3816.5408442135354,3783.5990613411623,3807.12890625,50200,0.0,0
2019-10-08,3830.658959960937,3882.424621582031,3830.658959960937,3858.894775390625,59200,0.0,0
2019-10-09,3849.482560544525,3910.66015625,3825.9527160424186,3910.66015625,91200,0.0,0
2019-10-10,3887.1304311624544,3887.1304311624544,3802.422988352619,3863.6005859375,66300,0.0,0
2019-10-11,3915.3661979794933,3929.4841049433617,3887.1303840517567,3901.248291015625,90200,0.0,0
2019-10-15,3990.6618652343745,4042.427526222085,3976.5439576922718,3990.661865234375,112000,0.0,0
2019-10-16,4037.721336632758,4061.2511812518296,4009.4855230898715,4018.8974609375,77400,0.0,0
2019-10-17,3981.249815951063,4018.8975683477634,3929.4841564056,3957.719970703125,82500,0.0,0
2019-10-18,4000.0735721072633,4056.545199007601,3995.3676031989016,4004.779541015625,83900,0.0,0
2019-10-21,4070.66351248204,4127.135145025143,4061.2515737248564,4094.193359375,129900,0.0,0
2019-10-23,4037.721323374155,4075.369074641047,3957.71985193201,4004.779541015625,170100,0.0,0
2019-10-24,3873.0124319458014,3887.1303387451176,3675.3617367553716,3764.775146484375,380800,0.0,0
2019-10-25,3745.9512837601187,3783.5990353556977,3717.715470063434,3778.89306640625,187700,0.0,0
2019-10-28,3783.59904839679,3811.834862190796,3769.4811414997866,3793.010986328125,94100,0.0,0
2019-10-29,3811.8349609375,3844.77674455054,3797.7170536747685,3811.8349609375,163600,0.0,0
2019-10-30,3811.8350464318746,3844.776830783755,3755.363416114365,3816.541015625,200000,0.0,0
2019-10-31,3844.7767824352295,3863.60065897102,3793.011121961805,3854.188720703125,135800,0.0,0
2019-11-01,3793.011121961805,3882.4245355068106,3778.8932145599624,3854.188720703125,90700,0.0,0
2019-11-05,3953.0140269886365,4004.779686865869,3924.778212510146,3985.955810546875,156000,0.0,0
2019-11-06,4033.0152815430833,4047.1331880128955,3985.955593310375,4014.19140625,135000,0.0,0
2019-11-07,3948.30784789455,3981.2496297005832,3915.3660660885166,3934.18994140625,127900,0.0,0
2019-11-08,3990.6617796266237,3995.367748706372,3948.3080579088883,3985.955810546875,91700,0.0,0
2019-11-11,3981.24991447855,4009.4857294748517,3962.426037814349,3976.5439453125,103100,0.0,0
2019-11-12,3976.5439328445104,3981.249901995806,3934.190210482853,3962.426025390625,73000,0.0,0
2019-11-13,3957.720005706419,3957.720005706419,3901.2483766119162,3905.954345703125,69600,0.0,0
2019-11-14,3957.7200184761405,3976.5438949017107,3905.954358305822,3920.072265625,87100,0.0,0
2019-11-15,3915.366190159574,4000.0736317736037,3901.248283223903,3981.249755859375,114000,0.0,0
2019-11-18,3981.249828754443,3995.367735948608,3957.7199834308353,3971.837890625,62900,0.0,0
2019-11-19,3981.249742826957,4000.073618679567,3948.30796008489,3967.1318359375,74700,0.0,0
2019-11-20,3953.0139629657456,3953.0139629657456,3891.836365919847,3915.3662109375,92700,0.0,0
2019-11-21,3887.1304567053357,3905.954333008993,3825.9528587184477,3891.83642578125,78900,0.0,0
2019-11-22,3910.660302084908,3943.602085616309,3887.1304567053357,3891.83642578125,88700,0.0,0
2019-11-25,3929.484169042506,3981.249828754443,3905.954323718898,3971.837890625,102400,0.0,0
2019-11-26,4000.0737050133293,4028.309519401659,3957.7199834308353,3971.837890625,73500,0.0,0
2019-11-27,3962.4257358685663,4018.897361557905,3962.4257358685663,4000.073486328125,89100,0.0,0
2019-11-28,3995.367735948608,4023.6035503369376,3948.308045301392,3971.837890625,49800,0.0,0
2019-11-29,3985.9557978191647,4000.0737050133293,3957.7199834308353,3971.837890625,43200,0.0,0
2019-12-02,3971.8378179022607,4033.015414623504,3957.719910966589,3981.249755859375,60000,0.0,0
2019-12-03,3929.4841911591675,3929.4841911591675,3882.4245002470816,3905.954345703125,92400,0.0,0
2019-12-04,3891.8364384294987,3905.9543457031245,3858.8946547910386,3905.954345703125,87900,0.0,0
2019-12-05,3924.7780629512636,3934.190000752106,3882.424342847473,3910.66015625,66900,0.0,0
2019-12-06,3948.308130316198,3976.5439453125,3905.9544078217455,3976.5439453125,62700,0.0,0
2019-12-09,4023.6033303653494,4023.6033303653494,3976.543642290901,4000.073486328125,51700,0.0,0
2019-12-10,4004.7796611990007,4004.7796611990007,3953.0140016535374,3957.719970703125,55600,0.0,0
2019-12-11,3948.308166357539,3948.308166357539,3901.248474267461,3924.7783203125,62800,0.0,0
2019-12-12,3953.0141601562495,3976.544006347656,3924.778344726562,3953.01416015625,72600,0.0,0
2019-12-13,4014.1916754015383,4065.9573359284045,3990.6618297075083,4042.427490234375,156400,0.0,0
2019-12-16,4042.4273448250106,4084.7810655507674,4023.6034689468966,4061.251220703125,125400,0.0,0
2019-12-17,4061.251220703125,4065.9571896726534,4028.309437916425,4061.251220703125,139900,0.0,0
2019-12-18,4056.545179281069,4070.6630859375,4018.897428197254,4070.6630859375,62400,0.0,0
2019-12-19,4037.7215085608937,4061.2513541818776,4014.1916629399093,4028.3095703125,72300,0.0,0
2019-12-20,4056.5453749194594,4127.134911605993,4033.015529357281,4108.31103515625,100900,0.0,0
2019-12-23,4056.545264686779,4103.604954532333,4051.8392957022234,4075.369140625,60800,0.0,0
2019-12-24,4075.369360351562,4098.899206542968,4033.015637207031,4047.133544921875,72300,0.0,0
2019-12-25,4033.015637207031,4061.2514526367186,4023.6036987304683,4047.133544921875,71600,0.0,0
2019-12-26,4023.603397082731,4070.6630859375,4018.897428197254,4070.6630859375,59700,0.0,0
2019-12-27,4065.9571433696906,4122.428770360936,4065.9571433696906,4098.89892578125,43300,0.0,0
2019-12-30,4108.311145019531,4108.311145019531,4047.1335449218745,4047.133544921875,72900,0.0,0
2020-01-06,3915.366333877672,3962.4260253906245,3887.1305189699,3962.426025390625,125200,0.0,0
2020-01-07,3985.955750657919,4014.1915647121664,3971.8378436307953,4009.485595703125,73900,0.0,0
2020-01-08,3943.60205078125,3957.7199578842856,3854.1886391286916,3943.60205078125,110400,0.0,0
2020-01-09,4009.4856213122816,4051.839342664172,4009.4856213122816,4037.721435546875,62300,0.0,0
2020-01-10,4089.4873046875,4113.017151089614,4075.369396846231,4089.4873046875,81200,0.0,0
2020-01-14,4023.6034766663897,4051.8392905377327,3948.3079730094746,3981.249755859375,127800,0.0,0
2020-01-15,3929.484165524974,3962.4259489485366,3854.1886605568307,3877.718505859375,105600,0.0,0
2020-01-16,3858.8946645814112,3863.6006336845594,3802.4230353436346,3825.952880859375,79100,0.0,0
2020-01-17,3863.600427632204,3896.5422095973995,3830.6586456670084,3868.306396484375,96300,0.0,0
2020-01-20,3840.07058337135,3891.8362407452287,3840.07058337135,3868.306396484375,54100,0.0,0
2020-01-21,3854.1886221481977,3858.89459116181,3811.83490102569,3835.36474609375,93000,0.0,0
2020-01-22,3844.7768918238307,3891.836584502213,3835.3649532881545,3887.130615234375,66700,0.0,0
2020-01-23,3844.776867675781,3882.424621582031,3844.776867675781,3858.894775390625,84800,0.0,0
2020-01-24,3858.894404658565,4136.546563042535,3783.598904079861,4065.95703125,264000,0.0,0
2020-01-27,4113.016844899149,4451.846607865669,4113.016844899149,4287.1376953125,575400,0.0,0
2020-01-28,4353.021226994645,4395.374947041079,4291.843631372018,4338.9033203125,308400,0.0,0
2020-01-29,4301.256114963877,4343.609840384746,4244.784481069384,4315.3740234375,205500,0.0,0
2020-01-30,4329.491846342795,4390.669448519378,4263.608274768013,4310.66796875,163500,0.0,0
2020-01-31,4343.609203226791,4404.786797638436,4324.785328023208,4334.197265625,167500,0.0,0
2020-02-03,4287.13794023983,4433.022985407157,4287.13794023983,4381.25732421875,196700,0.0,0
2020-02-04,4324.785693831398,4404.787170213481,4282.431971040884,4381.25732421875,137800,0.0,0
2020-02-05,4513.024499511718,4705.96923828125,4409.4931762695305,4705.96923828125,383700,0.0,0
2020-02-06,4715.381055654393,4837.736252707302,4715.381055654393,4753.02880859375,206200,0.0,0
2020-02-07,4753.028844273962,4762.440782579454,4687.14527613551,4701.26318359375,96700,0.0,0
2020-02-10,4724.793152410894,4724.793152410894,4644.791674730631,4654.20361328125,71300,0.0,0
2020-02-12,4673.027258103894,4705.96904139365,4630.673536731351,4668.3212890625,81600,0.0,0
2020-02-13,4663.615294295923,4663.615294295923,4578.9078520180965,4640.08544921875,78900,0.0,0
2020-02-14,4625.967430293987,4625.967430293987,4541.259990064798,4607.1435546875,107500,0.0,0
2020-02-17,4513.0244749697,4513.0244749697,4423.61105992859,4489.49462890625,130400,0.0,0
2020-02-18,4484.788349578175,4503.612225127296,4371.845096283447,4418.90478515625,117600,0.0,0
2020-02-19,4418.905077810318,4428.317016208211,4376.551355019804,4381.25732421875,72300,0.0,0
2020-02-20,4433.022924178686,4461.258738982371,4385.963232839209,4404.787109375,107200,0.0,0
2020-02-21,4385.962976453644,4414.198789606779,4367.139101018221,4390.6689453125,57000,0.0,0
2020-02-25,4193.018443664274,4258.902010680324,4141.25278386595,4160.07666015625,198600,0.0,0
2020-02-26,4113.017029294653,4136.546875,4047.1334613196814,4136.546875,105000,0.0,0
2020-02-27,4075.369122090006,4075.369122090006,3924.778115269128,3967.1318359375,138800,0.0,0
2020-02-28,3821.2468645325825,3873.012524027482,3793.011050262637,3863.6005859375,207700,0.0,0
2020-03-02,3797.716863701813,3948.3078669712777,3797.716863701813,3868.306396484375,157800,0.0,0
2020-03-03,3915.366214622641,3920.072183630601,3741.2453613281245,3741.245361328125,161300,0.0,0
2020-03-04,3722.421570437637,3769.4812615936125,3680.0678483972597,3745.951416015625,126000,0.0,0
2020-03-05,3821.246860613686,3844.776705814509,3741.245386930887,3769.481201171875,143600,0.0,0
2020-03-06,3698.891535065053,3713.009441687439,3529.4766555964247,3628.302001953125,218500,0.0,0
2020-03-09,3501.2411262002133,3501.2411262002133,3294.1784789518133,3308.29638671875,205100,0.0,0
2020-03-10,3242.4126236510792,3313.0021582733816,3105.939523381295,3270.6484375,215300,0.0,0
2020-03-11,3275.3543669141764,3388.2976209456997,3228.294677734375,3228.294677734375,174800,0.0,0
2020-03-12,3129.4694917520897,3148.2933683942074,2950.6426636519705,2955.3486328125,249800,0.0,0
2020-03-13,2757.6978153098275,2922.4067291935203,2686.167086994624,2806.639892578125,347600,0.0,0
2020-03-16,2823.581390278245,2945.936583856969,2757.697824505086,2799.1103515625,251000,0.0,0
2020-03-17,2718.16773084748,2729.462056598924,2589.2241785184965,2688.99072265625,490900,0.0,0
2020-03-18,2732.285581339841,2875.3470378894986,2605.2244192727107,2610.87158203125,368900,0.0,0
2020-03-19,2639.1076132077783,2663.578653843799,2372.7497478233986,2401.9267578125,378300,0.0,0
2020-03-23,2448.986315120793,2606.165682770744,2386.867523115423,2579.812255859375,432100,0.0,0
2020-03-24,2582.6358247580715,2646.637004088811,2541.2232969558286,2638.166259765625,440500,0.0,0
2020-03-25,2823.5815191113597,2917.7009030817385,2784.9925716835046,2889.465087890625,305900,0.0,0
2020-03-26,2773.698319356425,2776.5219009506122,2672.99057583042,2691.814453125,341500,0.0,0
2020-03-27,2738.873955530836,2856.5231804247724,2709.69694775714,2842.4052734375,341700,0.0,0
2020-03-30,2835.549215602971,2920.762611719537,2782.658142151309,2917.82421875,247100,118.0,0
2020-03-31,2918.80352713845,2943.2901339097457,2750.3356725519357,2758.17138671875,221800,0.0,0
2020-04-01,2785.5963498201236,2820.857063108986,2676.875817179465,2714.095458984375,325900,0.0,0
2020-04-02,2655.32769968468,2669.040199793712,2595.580377781041,2631.820556640625,273300,0.0,0
2020-04-03,2629.861641319999,2701.3625351063524,2629.861641319999,2683.732177734375,191400,0.0,0
2020-04-06,2726.8286718749996,2882.5634990402746,2668.060812567349,2840.446533203125,263800,0.0,0
2020-04-07,2957.982234539777,2987.3661640219602,2826.734016186025,2925.659912109375,170800,0.0,0
2020-04-08,2987.3660371691326,3046.133893638034,2962.879430307091,3041.236572265625,286700,0.0,0
2020-04-09,3109.799143390062,3109.799143390062,2930.557177015139,2992.263427734375,139500,0.0,0
2020-04-10,3060.826032589643,3060.826032589643,2933.495669633914,3055.9287109375,112400,0.0,0
2020-04-13,3031.442105852971,3051.0313924820694,2972.6742459656757,2987.3662109375,96400,0.0,0
2020-04-14,2962.879564925104,3095.1072479878776,2948.1876001403516,3080.415283203125,145300,0.0,0
2020-04-15,3124.4909995330167,3124.4909995330167,3016.7499305836027,3031.44189453125,188700,0.0,0
2020-04-16,2967.776785714286,3021.6473214285716,2953.0848214285716,3016.75,81300,0.0,0
2020-04-17,3075.5179604584314,3168.5670707270783,3060.8259956791717,3114.696533203125,127700,0.0,0
2020-04-20,3095.1071085231697,3153.874965014116,3065.7231802776964,3144.080322265625,110800,0.0,0
2020-04-21,3085.3125,3124.4910714285716,3036.339285714286,3051.03125,170200,0.0,0
2020-04-22,2982.468856024465,3119.593860899153,2933.4956399977905,2943.290283203125,280700,0.0,0
2020-04-23,2997.1608172352294,3060.8259979934937,2943.290279670544,3046.134033203125,334900,0.0,0
2020-04-24,2997.160681038259,3163.669607762607,2982.4687169155227,3144.080322265625,250300,0.0,0
2020-04-27,3212.6427856445316,3212.6427856445316,3129.38832321167,3134.28564453125,175600,0.0,0
2020-04-28,3202.848319561298,3256.718857046274,3178.361711613582,3183.259033203125,173000,0.0,0
2020-04-30,3300.7946091791277,3462.406214673061,3266.5133595288994,3418.330322265625,411000,0.0,0
2020-05-01,3369.3571788324584,3369.3571788324584,3261.6161062535134,3266.513427734375,269100,0.0,0
2020-05-07,3163.669608511576,3261.6160360196745,3153.8749657607664,3212.642822265625,243000,0.0,0
2020-05-08,3281.2053571428573,3379.151785714286,3251.821428571429,3359.5625,139400,0.0,0
2020-05-11,3295.8974221683875,3452.6117126726795,3271.410814277092,3423.227783203125,133900,0.0,0
2020-05-12,3379.1517508875268,3462.4062143151905,3369.357108131331,3384.049072265625,157200,0.0,0
2020-05-13,3320.3839629417243,3418.330392527026,3300.794677024664,3369.357177734375,131300,0.0,0
2020-05-14,3300.7946070229136,3335.075856650748,3207.7455008902202,3212.642822265625,135200,0.0,0
2020-05-15,3261.6161062535134,3286.102713657819,3168.5669981171523,3266.513427734375,148600,0.0,0
2020-05-18,3335.075856650748,3335.075856650748,3202.8481795148155,3212.642822265625,191200,0.0,0
2020-05-19,3339.9733556602896,3374.2546071113484,3266.5135311223066,3295.8974609375,211000,0.0,0
2020-05-20,3276.3081729664527,3384.049248908548,3251.8215647977945,3330.1787109375,161000,0.0,0
2020-05-21,3384.049212691036,3408.5358205976277,3325.281353715214,3354.665283203125,125100,0.0,0
2020-05-22,3359.562605866289,3388.9465353636615,3305.6920684544384,3320.384033203125,121900,0.0,0
2020-05-25,3423.227610568122,3516.2767158625347,3388.946361249128,3511.37939453125,150700,0.0,0
2020-05-26,3555.4553571428573,3653.401785714286,3511.3794642857147,3633.8125,143500,0.0,0
2020-05-27,3614.2231445312505,3653.401715203676,3584.839216526931,3614.22314453125,222200,0.0,0
2020-05-28,3648.5044288375047,3721.9642495523535,3570.1472867416655,3589.736572265625,260900,0.0,0
2020-05-29,3584.839215189054,3609.3258218501815,3540.7633231990244,3545.66064453125,160000,0.0,0
2020-06-01,3526.071567693906,3584.839427155471,3477.098351475935,3535.8662109375,112100,0.0,0
2020-06-02,3624.0178571428573,3648.5044642857147,3579.9419642857147,3599.53125,138800,0.0,0
2020-06-03,3643.6072469293113,3692.580462613845,3624.017960655498,3663.196533203125,176700,0.0,0
2020-06-04,3731.75907164788,3746.4510364968874,3589.7367447741417,3638.7099609375,113700,0.0,0
2020-06-05,3658.299072589419,3692.5803222656255,3628.9151442955285,3692.580322265625,117700,0.0,0
2020-06-08,3731.758928571429,3761.1428571428573,3697.477678571429,3736.65625,110600,0.0,0
2020-06-09,3761.1428921568627,3785.6294995276758,3692.5803915185866,3746.450927734375,161100,0.0,0
2020-06-10,3766.040318993374,3766.040318993374,3721.9644244928013,3741.5537109375,57000,0.0,0
2020-06-11,3648.5043931953232,3648.5043931953232,3555.4552878655095,3579.94189453125,143100,0.0,0
2020-06-12,3374.254430535134,3491.790143645211,3374.254430535134,3486.892822265625,237800,0.0,0
2020-06-15,3442.817071666857,3472.2010011547673,3354.665283203125,3354.665283203125,139000,0.0,0
2020-06-16,3491.790281188209,3599.531355783077,3491.790281188209,3560.352783203125,150600,0.0,0
2020-06-17,3565.2500000000005,3584.839285714286,3530.9687500000005,3565.25,64300,0.0,0
2020-06-18,3594.6338933098746,3609.325857451468,3526.071393982438,3555.455322265625,87700,0.0,0
2020-06-19,3555.4554276745303,3560.3527492002527,3481.995604788693,3516.27685546875,83700,0.0,0
2020-06-22,3393.843784430088,3486.8928925169157,3364.4598555605635,3437.919677734375,150700,0.0,0
2020-06-23,3462.4063517532454,3589.7367126380886,3462.4063517532454,3560.352783203125,145000,0.0,0
2020-06-24,3594.634033203125,3638.7099273432177,3570.1474253475176,3594.634033203125,138800,0.0,0
2020-06-25,3570.1472860662598,3628.9151426270214,3521.174072265625,3521.174072265625,118400,0.0,0
2020-06-26,3624.017821932555,3633.812464694535,3555.4553225986956,3589.736572265625,99800,0.0,0
2020-06-29,3506.482282561189,3545.6608555506996,3472.2010311953677,3501.5849609375,111600,0.0,0
2020-06-30,3604.428677355571,3648.5045715080164,3560.352783203125,3560.352783203125,157000,0.0,0
2020-07-01,3628.915214666441,3628.915214666441,3501.5848562570923,3506.482177734375,113800,0.0,0
2020-07-02,3506.4822469075525,3570.1474273681642,3467.3036743164066,3526.071533203125,89000,0.0,0
2020-07-03,3535.8660364058155,3545.6606791659424,3467.303537084927,3521.174072265625,54100,0.0,0
2020-07-06,3550.557967188559,3663.1963578717823,3550.557967188559,3614.22314453125,109600,0.0,0
2020-07-07,3624.017892162059,3633.8125351138483,3570.1473559272176,3609.325927734375,83600,0.0,0
2020-07-08,3643.6072137551228,3687.6831074699026,3584.83935546875,3584.83935546875,136300,0.0,0
2020-07-09,3604.4287109375,3648.5046055005946,3599.5313893193784,3604.4287109375,111300,0.0,0
2020-07-10,3584.839427155471,3594.6340703990654,3530.968889315703,3535.8662109375,154300,0.0,0
2020-07-13,3599.5312844553305,3658.2991421607235,3584.839320028982,3643.607177734375,113200,0.0,0
2020-07-14,3589.7366071428573,3672.9910714285716,3589.7366071428573,3633.8125,185500,0.0,0
2020-07-15,3658.29924354753,3780.7322838268983,3648.50460032518,3741.5537109375,194300,0.0,0
2020-07-16,3770.9375000000005,3834.602678571429,3746.450892857143,3770.9375,177300,0.0,0
2020-07-17,3775.834856260626,3810.11610657687,3751.34824889188,3780.732177734375,137300,0.0,0
2020-07-20,3766.040178571429,3839.5000000000005,3741.5535714285716,3805.21875,153000,0.0,0
2020-07-21,3795.4241071428573,3800.321428571429,3731.758928571429,3770.9375,133600,0.0,0
2020-07-22,3721.9643872725096,3942.3438575715395,3721.9643872725096,3834.602783203125,200900,0.0,0
2020-07-27,3721.964285714286,3883.575892857143,3712.169642857143,3873.78125,286200,0.0,0
2020-07-28,3863.986676985842,3898.2679276054887,3834.6027478832884,3859.08935546875,135600,0.0,0
2020-07-29,3844.397286101311,3873.781214402722,3775.834786731351,3795.424072265625,195900,0.0,0
2020-07-30,3854.1918939052484,3854.1918939052484,3775.8347524789665,3819.91064453125,125100,0.0,0
2020-07-31,3770.937427904782,3775.834749239723,3648.50439453125,3648.50439453125,216400,0.0,0
2020-08-03,3717.0669988893997,3795.424142476001,3717.0669988893997,3746.450927734375,104400,0.0,0
2020-08-04,3805.2187847876885,3863.986642467807,3761.142891527599,3815.013427734375,188600,0.0,0
2020-08-05,3766.040280421776,3888.4733194471914,3761.14295886076,3868.884033203125,163200,0.0,0
2020-08-06,3917.8572850318474,3922.7546066381374,3844.3974609375005,3844.3974609375,112900,0.0,0
2020-08-07,3805.2187500000005,3805.2187500000005,3731.758928571429,3770.9375,199900,0.0,0
2020-08-11,3741.553505472618,3961.932965873492,3741.553505472618,3957.03564453125,142900,0.0,0
2020-08-12,3981.5223553868823,4118.647356556418,3981.5223553868823,4089.263427734375,164100,0.0,0
2020-08-13,4157.825857224447,4162.723178611048,4064.7767508790234,4069.674072265625,156600,0.0,0
2020-08-14,4015.8036754261366,4054.982247869318,4001.1117107599434,4040.290283203125,105600,0.0,0
2020-08-17,4045.187605654989,4059.879570324438,4006.009033203125,4006.009033203125,70600,0.0,0
2020-08-18,4006.0088939481566,4064.776750583093,3961.9330014719544,4035.392822265625,80200,0.0,0
2020-08-19,4006.008928571429,4069.6741071428573,4006.008928571429,4045.1875,96700,0.0,0
2020-08-20,3976.6249305023007,4020.7008225891486,3957.0356451303683,3991.31689453125,119200,0.0,0
2020-08-21,4015.8037097566507,4089.263533715614,4015.8037097566507,4050.0849609375,71000,0.0,0
2020-08-24,4064.776890094464,4094.1608194204478,4040.29028232281,4074.571533203125,110900,0.0,0
2020-08-25,4113.750206316021,4201.9019964513645,4108.852884641835,4172.51806640625,159800,0.0,0
2020-08-26,4108.8528165997195,4152.9287109375,4054.9822790757667,4152.9287109375,208900,0.0,0
2020-08-27,4172.5177189316855,4265.5668229923685,4172.5177189316855,4211.6962890625,131900,0.0,0
2020-08-28,4241.08056984485,4265.567178215779,4128.442171338578,4172.51806640625,137500,0.0,0
2020-08-31,4236.183176854897,4280.259071180555,4182.31263934576,4187.2099609375,93600,0.0,0
2020-09-01,4162.723145101007,4201.901715878428,4128.441895670763,4197.00439453125,56700,0.0,0
2020-09-02,4152.928362411661,4172.517647140017,4113.749792954947,4157.82568359375,63800,0.0,0
2020-09-03,4216.59375,4236.183035714286,4167.620535714286,4182.3125,74600,0.0,0
2020-09-04,4123.544435319125,4167.620325957929,4113.749792954947,4157.82568359375,52700,0.0,0
2020-09-07,4187.2099609375,4226.3885336714175,4177.41531775402,4187.2099609375,70000,0.0,0
2020-09-08,4216.593610328851,4216.593610328851,4167.620397665334,4211.6962890625,67100,0.0,0
2020-09-09,4074.571566587396,4133.339425720868,4074.571566587396,4118.6474609375,138200,0.0,0
2020-09-10,4152.928362411661,4192.106931868375,4128.4417565012145,4157.82568359375,79800,0.0,0
2020-09-11,4113.749794648072,4197.004254777855,4099.057831095757,4192.10693359375,127000,0.0,0
2020-09-14,4177.415109142539,4241.080286655849,4162.723145101007,4197.00439453125,126500,0.0,0
2020-09-15,4157.825751685415,4192.107000521454,4103.955217800209,4108.8525390625,112500,0.0,0
2020-09-16,4113.75007000448,4206.799178730772,4094.1607839568396,4099.05810546875,164500,0.0,0
2020-09-17,4089.263596273829,4216.5939597506185,4089.263596273829,4206.79931640625,101000,0.0,0
2020-09-18,4231.28585411833,4255.772462070404,4211.696567756671,4221.4912109375,114800,0.0,0
2020-09-23,4152.928432737397,4182.31236032752,4123.544505147274,4177.4150390625,117600,0.0,0
2020-09-24,4162.723004775839,4250.874786053445,4128.4417565012145,4157.82568359375,136500,0.0,0
2020-09-25,4201.901785714286,4241.080357142858,4182.3125,4216.59375,96900,0.0,0
2020-09-28,4280.258928571428,4427.178571428572,4280.258928571428,4422.28125,195200,0.0,0
2020-09-29,4397.794849815872,4485.946639678551,4378.205563179721,4446.76806640625,74600,0.0,0
2020-09-30,4412.4867494956825,4441.870679015076,4324.3349609375,4324.3349609375,153100,0.0,0
2020-10-02,4299.848355239499,4358.616214308832,4226.388531402834,4255.7724609375,204600,0.0,0
2020-10-05,4324.334751831745,4412.486536127296,4285.1561810337225,4334.12939453125,107800,0.0,0
2020-10-06,4422.281321092868,4456.562571643975,4324.334890946847,4339.02685546875,66500,0.0,0
2020-10-07,4343.924246181531,4368.410854108146,4304.745673498946,4358.6162109375,53200,0.0,0
2020-10-08,4417.383858584191,4471.254393444974,4387.99993047831,4402.69189453125,92400,0.0,0
2020-10-09,4471.25453450162,4481.0491775125765,4392.897390413968,4441.87060546875,74300,0.0,0
2020-10-12,4412.486607142858,4436.973214285715,4378.205357142858,4422.28125,76500,0.0,0
2020-10-13,4456.5625,4456.5625,4397.794642857143,4422.28125,65900,0.0,0
2020-10-14,4368.410504787458,4397.7944319497055,4339.026577625211,4363.51318359375,46700,0.0,0
2020-10-15,4353.718959735238,4373.308246393214,4314.540386419285,4343.92431640625,75800,0.0,0
2020-10-16,4304.745395407252,4319.437359214102,4270.4641465245995,4280.2587890625,94700,0.0,0
2020-10-19,4334.129464285715,4412.486607142858,4314.540178571428,4388.0,185000,0.0,0
2020-10-20,4388.000204918032,4520.227889664447,4353.71895331711,4481.04931640625,177700,0.0,0
2020-10-21,4505.535578323624,4711.223072116658,4505.535578323624,4623.0712890625,271200,0.0,0
2020-10-22,4637.763256936408,4916.9105701839,4623.071293081276,4760.1962890625,304400,0.0,0
2020-10-23,4809.169777697465,5024.651926596333,4774.888526736282,4975.6787109375,297000,0.0,0
2020-10-26,4926.70514870823,5005.062288250309,4867.9372940516705,4946.29443359375,150400,0.0,0
2020-10-27,4907.115859414497,4907.115859414497,4779.785507773004,4843.45068359375,139000,0.0,0
2020-10-28,4774.8884614854,4872.834891464588,4774.8884614854,4853.24560546875,107800,0.0,0
2020-10-29,4750.40157449109,4799.374786599246,4691.6337199613035,4706.32568359375,167500,0.0,0
2020-10-30,4701.428357712765,4701.428357712765,4588.789969975897,4603.48193359375,148300,0.0,0
2020-11-02,4603.4820721244605,4667.147249717671,4510.432966411307,4539.81689453125,133600,0.0,0
2020-11-04,4520.227747950061,4627.968821032295,4510.4331049425855,4544.71435546875,123300,0.0,0
2020-11-05,4485.946291162635,4574.098074176748,4412.486471984207,4554.5087890625,130800,0.0,0
2020-11-06,4623.071428571429,4745.504464285715,4578.995535714286,4730.8125,131400,0.0,0
2020-11-09,4765.09396276205,4765.09396276205,4647.558243228351,4686.73681640625,167700,0.0,0
2020-11-10,4730.8125,4784.683035714286,4618.174107142858,4627.96875,189400,0.0,0
2020-11-11,4725.915109104909,4779.785644027348,4672.044574182469,4745.50439453125,162100,0.0,0
2020-11-12,4750.401927711831,4755.299249286792,4603.482280463012,4667.1474609375,95300,0.0,0
2020-11-13,4652.455145653257,4652.455145653257,4481.048903444979,4603.48193359375,128700,0.0,0
2020-11-16,4603.48193359375,4647.557824447306,4534.919436710438,4603.48193359375,153600,0.0,0
2020-11-17,4618.174249366554,4618.174249366554,4451.66531566723,4530.0224609375,110900,0.0,0
2020-11-18,4461.45975182691,4495.7410012921,4392.89725289653,4471.25439453125,85100,0.0,0
2020-11-19,4505.535929635067,4554.509146261535,4339.026993105075,4378.20556640625,161300,0.0,0
2020-11-20,4378.205357142858,4476.151785714286,4373.308035714286,4456.5625,87500,0.0,0
2020-11-24,4485.946566722973,4598.5849630489865,4456.562637246621,4530.0224609375,82800,0.0,0
2020-11-25,4583.892998310811,4637.763535684122,4520.227817778716,4530.0224609375,75200,0.0,0
2020-11-26,4500.63825499832,4578.995395455309,4456.562363491264,4554.5087890625,73300,0.0,0
2020-11-27,4623.071428571429,4662.25,4554.508928571428,4627.96875,103600,0.0,0
2020-11-30,4637.763392857143,4667.147321428572,4383.102678571428,4388.0,159300,0.0,0
2020-12-01,4456.562294352389,4569.200682011845,4407.589082326538,4534.91943359375,94500,0.0,0
2020-12-02,4603.482002901547,4642.660573139007,4525.124862426628,4588.7900390625,111000,0.0,0
2020-12-03,4593.687358223862,4593.687358223862,4515.330217785076,4520.2275390625,67400,0.0,0
2020-12-04,4525.125209717327,4549.611817995018,4485.9466364730215,4515.33056640625,39500,0.0,0
2020-12-07,4515.330286156526,4515.330286156526,4412.486537773351,4436.97314453125,119600,0.0,0
2020-12-08,4373.308172466726,4490.843890427758,4324.334956649629,4461.4599609375,83100,0.0,0
2020-12-09,4485.946359644687,4564.303501297869,4481.049038291363,4539.81689453125,97700,0.0,0
2020-12-10,4549.611537761811,4588.790108592913,4544.714216407922,4574.09814453125,91100,0.0,0
2020-12-11,4588.790317783214,4623.071568823217,4549.611745166068,4598.5849609375,98500,0.0,0
2020-12-14,4544.71407912234,4632.8658608294545,4534.919436710438,4603.48193359375,85400,0.0,0
2020-12-15,4603.481936664701,4701.428360849056,4574.098009409394,4672.04443359375,92200,0.0,0
2020-12-16,4769.991211947389,4833.656392394326,4686.7367452090875,4735.7099609375,59600,0.0,0
2020-12-17,4750.401785714286,4789.580357142858,4701.428571428572,4765.09375,77500,0.0,0
2020-12-18,4745.504325207369,4789.5802167727625,4745.504325207369,4760.1962890625,85300,0.0,0
2020-12-21,4730.8123582906155,4755.298964699988,4632.865932653129,4657.3525390625,57300,0.0,0
2020-12-22,4564.3036414837015,4578.995605994915,4520.227747950061,4544.71435546875,79500,0.0,0
2020-12-23,4525.124931505711,4608.379394531249,4495.741003379051,4608.37939453125,53300,0.0,0
2020-12-24,4652.455563367155,4725.9153880519,4593.687703619359,4721.01806640625,76500,0.0,0
2020-12-25,4814.066964285715,4833.65625,4774.888392857143,4799.375,86600,0.0,0
2020-12-28,4799.375208201142,4882.629676098509,4760.19663507297,4823.86181640625,85100,0.0,0
2020-12-29,4863.040178571429,4946.294642857143,4853.245535714286,4936.5,74800,0.0,0
2020-12-30,5005.062638425364,5112.803712833737,4946.29477965716,5044.2412109375,140000,0.0,0
2021-01-04,5112.803712833737,5112.803712833737,4946.29477965716,5044.2412109375,81200,0.0,0
2021-01-05,5005.062706834804,5142.187712501511,4956.089490525265,5063.83056640625,144400,0.0,0
2021-01-06,5024.651993358619,5132.393069239603,5005.062706834804,5063.83056640625,85600,0.0,0
2021-01-07,5132.393066406249,5210.750212458253,5093.214493380247,5132.39306640625,116500,0.0,0
2021-01-08,5230.339217242073,5377.258858175839,5210.749931784238,5328.28564453125,169800,0.0,0
2021-01-12,5298.902058184792,5445.82170859657,5279.312771463222,5426.232421875,137800,0.0,0
2021-01-13,5475.205628396739,5651.509208559783,5475.205628396739,5631.919921875,238500,0.0,0
2021-01-14,5671.098357504987,5818.018004072474,5465.410852310505,5524.1787109375,198300,0.0,0
2021-01-15,5426.232142857143,5485.0,5298.901785714286,5347.875,139300,0.0,0
2021-01-18,5249.928779914034,5298.901996144575,5181.366277191276,5269.51806640625,106800,0.0,0
2021-01-19,5347.875142111708,5367.464428346549,5220.5447815852385,5249.9287109375,58300,0.0,0
2021-01-20,5240.1337890625,5298.901644640771,5191.160576080608,5240.1337890625,46000,0.0,0
2021-01-21,5240.133859970991,5357.669572718003,5240.133859970991,5328.28564453125,61500,0.0,0
2021-01-22,5249.928779914034,5298.901996144575,5230.339493421817,5269.51806640625,42300,0.0,0
2021-01-25,5230.339490754013,5347.875209647363,5210.750204271789,5338.08056640625,54900,0.0,0
2021-01-26,5387.053782611812,5396.848425852924,5318.491279924025,5338.08056640625,103400,0.0,0
2021-01-27,5357.669781605114,5436.026926491478,5308.696566051137,5387.0537109375,164700,0.0,0
2021-01-28,5328.285781806049,5573.151856337578,5298.9018528622655,5504.58935546875,175300,0.0,0
2021-01-29,5504.589493498785,5700.482358036108,5445.821634137588,5543.76806640625,456000,0.0,0
2021-02-01,5641.714354631217,5876.785786074185,5641.714354631217,5710.27685546875,193600,0.0,0
2021-02-02,5837.607352825126,5857.196639244003,5749.455563940183,5818.01806640625,179700,0.0,0
2021-02-03,5827.8125703456035,5906.16971414857,5759.250069518009,5778.83935546875,219000,0.0,0
2021-02-04,5827.8125703456035,5915.96435712394,5759.250069518009,5778.83935546875,154700,0.0,0
2021-02-05,5788.633792290806,5945.348074315599,5778.839149664256,5925.7587890625,157400,0.0,0
2021-02-08,6013.9109983934495,6033.5002850331675,5886.580635235282,5906.169921875,132100,0.0,0
2021-02-09,5906.169918673155,5974.732421874999,5827.812772156762,5974.732421875,87100,0.0,0
2021-02-10,5935.553641414011,5955.142927359272,5866.991140605598,5915.96435546875,87300,0.0,0
2021-02-12,6493.848282901753,6709.330428035748,6425.2857821773005,6601.58935546875,417700,0.0,0
2021-02-15,6630.973214285715,6709.330357142858,6611.383928571429,6650.5625,350600,0.0,0
2021-02-16,6689.7411399786415,6924.812570958858,6640.767925191097,6807.27685546875,307900,0.0,0
2021-02-17,6836.660925363529,6866.044854842169,6777.893066406249,6777.89306640625,256900,0.0,0
2021-02-18,6807.276715556032,6905.22314311799,6738.714216262662,6768.09814453125,289400,0.0,0
2021-02-19,6670.1518561932035,6679.94649915384,6582.000069547478,6601.58935546875,199400,0.0,0
2021-02-22,6699.535714285715,6787.687500000001,6670.151785714286,6719.125,179500,0.0,0
2021-02-24,6601.589214802508,6640.767785810238,6493.848144531251,6493.84814453125,271000,0.0,0
2021-02-25,6591.794921875,6660.357424777118,6533.027062244613,6591.794921875,123000,0.0,0
2021-02-26,6493.848143026531,6572.205285023835,6346.928501781587,6356.72314453125,374700,0.0,0
2021-03-01,6444.874932897021,6738.7142155519,6435.080290141858,6699.53564453125,205500,0.0,0
2021-03-02,6738.714565138282,6787.687781454694,6660.357419032023,6728.919921875,198400,0.0,0
2021-03-03,6709.330285826726,6709.330285826726,6503.6427880130595,6562.41064453125,277700,0.0,0
2021-03-04,6444.874861124244,6513.437359646842,6356.723077309474,6474.2587890625,254500,0.0,0
2021-03-05,6503.642857142858,6513.437500000001,6395.901785714286,6513.4375,138900,0.0,0
2021-03-08,6581.999928544207,6581.999928544207,6386.107073528011,6425.28564453125,135600,0.0,0
2021-03-09,6376.3125,6405.696428571429,6268.571428571429,6376.3125,270000,0.0,0
2021-03-10,6395.90199594351,6425.285925480769,6337.134136868991,6366.51806640625,156800,0.0,0
2021-03-11,6395.902062191768,6542.821711399849,6386.10741891123,6454.669921875,139200,0.0,0
2021-03-12,6366.517925840436,6493.848284357245,6268.571496212122,6464.46435546875,242300,0.0,0
2021-03-15,6493.848145260028,6562.41064453125,6484.053502506997,6562.41064453125,153800,0.0,0
2021-03-16,6493.8480758210135,6581.999859655688,6493.8480758210135,6542.8212890625,167200,0.0,0
2021-03-17,6474.259134716142,6572.20556640625,6435.080562040099,6572.20556640625,245600,0.0,0
2021-03-18,6630.973349791518,6836.660853994799,6621.178706734218,6826.8662109375,308400,0.0,0
2021-03-19,6807.276644990475,6826.8659302998,6728.9195037531745,6748.5087890625,257100,0.0,0
2021-03-22,6699.535855445635,6728.919784636187,6621.178710937499,6621.1787109375,207900,0.0,0
2021-03-23,6572.205287284281,6611.383858296409,6513.437430766091,6562.41064453125,213700,0.0,0
2021-03-24,6464.464144925458,6542.82128607607,6376.31236113102,6405.6962890625,251400,0.0,0
2021-03-25,6454.669642857143,6572.205357142858,6435.080357142858,6513.4375,90000,0.0,0
2021-03-26,6630.973494961924,6660.357424777118,6572.205635331537,6591.794921875,101800,0.0,0
2021-03-29,6611.383928571429,6699.535714285715,6533.026785714286,6582.0,139300,0.0,0
2021-03-30,6660.0,6770.0,6600.0,6710.0,162900,138.0,0
2021-03-31,6660.0,6720.0,6540.0,6580.0,187500,0.0,0
2021-04-01,6610.0,6820.0,6610.0,6770.0,181300,0.0,0
2021-04-02,6830.0,6930.0,6810.0,6900.0,117600,0.0,0
2021-04-05,6900.0,6970.0,6860.0,6960.0,67400,0.0,0
2021-04-06,6950.0,6990.0,6840.0,6890.0,152500,0.0,0
2021-04-07,6930.0,7070.0,6850.0,6970.0,208600,0.0,0
2021-04-08,7020.0,7100.0,6980.0,7040.0,199100,0.0,0
2021-04-09,7070.0,7120.0,7010.0,7070.0,258100,0.0,0
2021-04-12,7010.0,7080.0,6960.0,6990.0,176700,0.0,0
2021-04-13,7130.0,7640.0,7120.0,7530.0,427200,0.0,0
2021-04-14,7530.0,7650.0,7510.0,7610.0,157500,0.0,0
2021-04-15,7580.0,7630.0,7500.0,7590.0,119500,0.0,0
2021-04-16,7440.0,7470.0,7340.0,7390.0,177200,0.0,0
2021-04-19,7320.0,7430.0,7240.0,7380.0,227000,0.0,0
2021-04-20,7320.0,7350.0,7250.0,7290.0,125000,0.0,0
2021-04-21,7200.0,7460.0,7180.0,7390.0,243700,0.0,0
2021-04-22,7240.0,7390.0,7130.0,7360.0,313100,0.0,0
2021-04-23,7360.0,7440.0,7300.0,7320.0,242000,0.0,0
2021-04-26,7310.0,7520.0,7200.0,7460.0,240200,0.0,0
2021-04-27,7460.0,7510.0,7360.0,7390.0,194600,0.0,0
2021-04-28,7470.0,7760.0,7450.0,7710.0,247900,0.0,0
2021-04-30,7740.0,7940.0,7720.0,7860.0,357000,0.0,0
2021-05-06,7830.0,7900.0,7660.0,7810.0,223300,0.0,0
2021-05-07,7800.0,7900.0,7740.0,7830.0,148400,0.0,0
2021-05-10,7800.0,7920.0,7780.0,7840.0,120600,0.0,0
2021-05-11,7770.0,7860.0,7580.0,7600.0,192500,0.0,0
2021-05-12,7530.0,7580.0,7470.0,7490.0,281000,0.0,0
2021-05-13,7460.0,7610.0,7450.0,7510.0,238300,0.0,0
2021-05-14,7600.0,7690.0,7530.0,7530.0,232700,0.0,0
2021-05-17,7510.0,7540.0,7390.0,7500.0,226400,0.0,0
2021-05-18,7520.0,7730.0,7520.0,7650.0,290900,0.0,0
2021-05-19,7610.0,7810.0,7570.0,7700.0,336400,0.0,0
2021-05-20,7650.0,7850.0,7630.0,7770.0,306500,0.0,0
2021-05-21,7780.0,7890.0,7670.0,7840.0,290200,0.0,0
2021-05-24,7830.0,7990.0,7800.0,7940.0,307500,0.0,0
2021-05-25,7940.0,8010.0,7860.0,7990.0,328800,0.0,0
2021-05-26,7910.0,7960.0,7840.0,7860.0,418700,0.0,0
2021-05-27,7810.0,8150.0,7790.0,8060.0,391700,0.0,0
